0.0	8.270372836169303
1.0	4.192515391009206
1.0	7.491313172713092
1.0	5.231716791102275
0.0	9.108041025312701
1.0	11.500892956304316
0.0	4.10894668434098
0.0	0.0
1.0	5.222893753908845
0.0	0.0
1.0	3.7662995539205446
0.0	2.2293751642613087
1.0	9.795607579252584
1.0	9.883574718193378
0.0	0.0
0.0	0.0
0.0	4.116897673755507
1.0	3.925926005264549
0.0	0.0
1.0	5.629127933277937
0.0	2.208206204802924
0.0	1.630505438352525
0.0	7.291267094997236
0.0	3.7228704073619983
0.0	6.831389844853356
0.0	7.429106127911725
1.0	2.786251929886883
1.0	8.669654708619486
1.0	1.3631308004056364
1.0	8.317205858082351
0.0	7.12666544068418
1.0	6.01594846249881
1.0	6.90415262190562
1.0	1.6739353409146063
1.0	7.121319308822753
1.0	7.672404736013748
0.0	5.125304900248152
1.0	4.698249326148865
1.0	6.155159500677098
0.0	8.55182124930746
1.0	9.77791692958276
1.0	3.964065487540352
0.0	2.9591178314894306
1.0	8.774563059584525
0.0	5.371817080190403
1.0	0.3178831279794298
1.0	3.181143383356942
0.0	0.0
1.0	3.118392722890734
1.0	1.3274928600761444
1.0	7.94970949574778
1.0	8.945186095632113
1.0	6.684277555132487
0.0	6.561530921362122
1.0	1.2477422552311248
1.0	6.286541264971336
1.0	4.657429051340764
1.0	10.29830915734721
1.0	11.107524766484724
0.0	0.0
0.0	1.4344932252954083
0.0	10.915164650823764
1.0	6.149113066402533
1.0	1.5559740027345195
0.0	0.0
0.0	6.445403587977336
1.0	3.0645345137571818
1.0	6.483960492152902
1.0	2.748603067344081
1.0	3.2820801315038466
1.0	6.053127869876434
0.0	0.0
0.0	0.0
0.0	10.125862834159578
1.0	4.90234098341562
1.0	9.274490755834792
0.0	0.0
1.0	5.548303671992008
0.0	0.0
1.0	2.39450478609113
1.0	4.5438604222889625
1.0	6.72036363273472
0.0	1.6245522664425813
1.0	0.8850056961654964
1.0	6.116615637645854
1.0	1.1905993647361044
0.0	4.516019936050795
0.0	5.340084315853014
0.0	12.100295292262606
0.0	7.033157595772032
1.0	11.366121175524038
1.0	7.854337504142983
1.0	8.36543536016404
0.0	0.0
1.0	9.781328579077545
1.0	6.769839198221082
1.0	6.187358090698113
0.0	11.584936027452184
0.0	2.2175765480977048
1.0	4.272826961801413
1.0	2.7304811192915937
1.0	9.400055939968496
1.0	0.7756728368605862
0.0	25.432323572823673
1.0	12.773432412679801
1.0	8.206931916204207
1.0	1.166705045714584
1.0	2.2535826270988615
1.0	3.02115878154347
0.0	0.0
1.0	1.0531524194900705
0.0	0.0
1.0	8.063917347795018
0.0	0.0
1.0	3.846025494535562
0.0	0.0
0.0	0.0
0.0	10.574869237458293
1.0	6.104197544004992
0.0	7.490100703837476
0.0	10.635697691942848
0.0	5.132432022644987
1.0	6.78292803740358
1.0	4.230596946867723
1.0	1.8101164290421254
1.0	9.816978653600474
0.0	8.59427556134325
1.0	0.47745183303279537
0.0	7.568424070558436
0.0	5.54511435969169
0.0	4.967775291515498
0.0	2.0903822686778843
1.0	6.119684195202278
0.0	7.256440502375284
0.0	0.0
0.0	8.408068898624855
0.0	2.5723663580095675
1.0	7.396652574442378
0.0	8.487463982437168
1.0	11.658542181412567
0.0	0.0
0.0	0.0
0.0	9.20172690579796
0.0	0.0
0.0	0.0
0.0	5.613902674341146
1.0	4.80946350332762
0.0	0.0
1.0	1.1335673922568907
1.0	6.238942228156837
1.0	7.79917108299825
0.0	0.0
0.0	3.330575835532993
0.0	0.0
1.0	2.638368701845629
1.0	9.520723091401818
0.0	13.213615182899522
0.0	0.0
0.0	3.992356359565214
1.0	8.687425945634237
0.0	1.542174436541971
1.0	11.931600589446298
1.0	4.856456344074486
0.0	0.0
1.0	10.524683675879775
0.0	6.521846860945568
0.0	2.841088268457536
1.0	10.305149685377444
0.0	0.0
1.0	5.292119427399624
0.0	1.3812306319530772
0.0	4.42540381243699
1.0	6.382967670640137
0.0	4.669252991906264
0.0	3.5452958700007464
0.0	4.652281530460149
1.0	5.676960231659596
0.0	6.016399461959746
1.0	9.459026193048123
1.0	6.6824769364832
0.0	0.0
0.0	3.1354084453556776
1.0	10.532692093001957
0.0	9.874481470593924
0.0	3.7879082837968396
1.0	9.036549793851936
1.0	1.0612330053612073
0.0	6.328101216474289
0.0	0.0
1.0	7.751679239258425
1.0	6.147413161966887
0.0	18.99409046647083
1.0	1.9025872090466494
1.0	11.132728483440541
0.0	0.0
0.0	4.160101146992768
0.0	0.0
0.0	7.069308800602067
0.0	2.368499374216821
0.0	6.966641254760527
1.0	10.614264947642749
1.0	4.616814159715956
0.0	3.5420828679279293
1.0	6.488273616114076
1.0	2.4909198608516308
0.0	0.0
1.0	0.4755475963520914
0.0	6.5614450785143825
0.0	0.0
0.0	2.0692419361035364
0.0	6.398325887777077
0.0	0.0
1.0	2.797958577358747
1.0	1.7695583355614006
1.0	3.193093813294876
0.0	4.935948784691456
1.0	1.6833567249057888
1.0	6.681349682804355
1.0	7.581105298298907
0.0	4.634125761051641
1.0	3.663904419583942
1.0	1.9607413539301226
0.0	3.5403080411687124
1.0	4.511773380349795
0.0	4.606981992681093
0.0	0.0
1.0	5.720118789771074
0.0	2.8999942729309685
0.0	11.974498383559236
0.0	11.487951340253657
0.0	0.0
0.0	0.0
1.0	4.533846578293458
1.0	6.111874728181436
1.0	5.310155178572121
0.0	0.0
1.0	6.920789481713611
0.0	3.562984872924139
1.0	0.6345891529252481
0.0	0.0
1.0	6.126327901532429
0.0	0.0
1.0	7.658121019427689
1.0	8.415465135984206
1.0	11.372528155409839
1.0	4.720830850777415
1.0	7.630477445401719
0.0	0.0
1.0	1.908893204491011
0.0	0.0
0.0	0.0
0.0	0.0
1.0	4.234204683486955
1.0	6.741160892769725
1.0	1.937154740832811
1.0	6.576507174857398
1.0	5.514634588099379
1.0	10.718801031558623
0.0	0.0
1.0	5.713269330599202
0.0	0.0
0.0	4.728197621799706
1.0	7.008152756926953
0.0	7.264881155784994
0.0	11.90238195371045
0.0	0.0
1.0	3.9747419405340096
1.0	1.6783162864752184
1.0	4.123912038265465
0.0	17.988714716426266
0.0	4.6930856941358305
0.0	0.0
0.0	4.938827079079795
0.0	0.0
0.0	7.391381329992864
0.0	0.0
1.0	12.035736019518795
1.0	4.4378481554581075
1.0	11.37955483763706
1.0	6.200990693255736
1.0	13.902488190861217
0.0	5.407861329452017
1.0	2.8386027155152624
1.0	13.890842012914337
1.0	6.041501848792333
0.0	4.3607286138316566
0.0	0.0
0.0	9.455657571335028
0.0	1.8043357839289738
1.0	4.18524251263502
0.0	0.0
0.0	0.0
0.0	0.0
1.0	2.9199103335970347
0.0	8.197629924629242
1.0	6.591978493715568
0.0	6.557773781143051
0.0	2.5675801460232313
1.0	14.13250783895855
0.0	6.133285155010906
1.0	1.670622414640549
1.0	5.70580704935108
1.0	7.717008324739264
1.0	6.974324354004935
1.0	7.788099873345739
0.0	7.214717960465297
0.0	6.918086585495167
1.0	10.913906048120497
0.0	0.0
0.0	8.49060760559594
1.0	15.30496943345038
1.0	14.647018538667677
1.0	7.564931461698658
1.0	8.683074747008279
0.0	7.071336313375847
0.0	11.62979026018341
0.0	0.0
0.0	3.9651275588887795
1.0	9.966086509866036
1.0	5.1113079295796835
0.0	5.7164032886327485
0.0	9.270470645182579
1.0	7.466530563133405
1.0	3.874009811391856
0.0	0.0
1.0	16.363557452379172
1.0	9.549446469799207
0.0	8.449677326974916
1.0	6.588300414938392
1.0	0.6490269212658587
0.0	0.0
0.0	0.0
1.0	3.8698282129910386
0.0	6.360670991920978
1.0	5.332268709237402
0.0	7.166420100203985
0.0	6.8497762378775535
1.0	11.666034903180092
1.0	6.376506992003466
1.0	9.11966334763578
1.0	7.1867513903328355
1.0	5.707958644134634
1.0	5.316696086124742
1.0	5.875335053893651
1.0	0.7846331327707704
1.0	4.717029470428459
1.0	6.652403638877629
1.0	1.760478575657892
1.0	11.777087366199055
1.0	4.28493050876198
1.0	10.42786878266091
1.0	4.42265591432198
0.0	6.0120082174639
1.0	5.825631210477293
0.0	3.8644072727088563
0.0	0.0
0.0	6.422002438922611
1.0	4.291548734241698
1.0	3.9492299743927646
1.0	11.948507821130578
1.0	5.37868277954007
1.0	6.084361200750376
0.0	16.047687849552364
0.0	11.87951461273893
1.0	3.8357943101703986
1.0	8.36844409364033
0.0	9.10088523731436
0.0	6.36981346076411
1.0	3.5179798270689564
0.0	1.9519521437409695
1.0	2.5311381700561197
0.0	0.0
0.0	3.3239666090385205
0.0	0.0
0.0	0.0
1.0	10.159846015775145
1.0	6.390095715643779
1.0	11.330219581434509
1.0	2.915770477068307
1.0	8.938763495841641
1.0	7.60263631925351
1.0	5.38017123580971
1.0	11.56494339228469
0.0	0.0
0.0	0.0
0.0	4.861493695660392
1.0	5.38566822419778
1.0	8.69493365421178
0.0	7.901186294515225
0.0	0.0
1.0	8.696974293164512
0.0	0.0
0.0	0.0
1.0	6.146376294247868
0.0	0.0
1.0	6.999328841178607
1.0	8.273782154578653
1.0	1.9555001068200186
0.0	2.417581797975777
0.0	0.0
1.0	4.757435642680875
1.0	11.148875981104503
0.0	6.116831137341618
1.0	7.831206626064273
0.0	4.3308567498565065
1.0	9.316622547921696
1.0	9.550516010543529
1.0	8.551812067795376
1.0	1.44994816221997
1.0	3.9405154524655677
0.0	2.5960909289143035
1.0	11.256577967407935
0.0	2.881705990606265
0.0	8.566111177650544
0.0	5.531975474328669
1.0	2.8569638166002633
1.0	7.7832386120421
0.0	0.0
0.0	0.0
1.0	0.6597673964156733
1.0	10.52189999391264
1.0	2.666220103635488
1.0	1.0348422885940052
1.0	6.09281806055684
0.0	0.0
0.0	0.0
1.0	6.024543112880477
1.0	8.522724240331854
1.0	4.782424464527012
1.0	10.970502041639696
0.0	3.561269186091897
1.0	9.302092854498751
0.0	3.1120437126165115
1.0	8.37371639598758
1.0	2.5452453385473
0.0	0.0
1.0	9.102867397784362
1.0	10.207695247748081
1.0	7.570680335914977
0.0	3.3886266199817943
1.0	14.395559533905772
0.0	0.0
0.0	5.584495719767492
0.0	12.448273026852307
0.0	2.326219075825936
0.0	9.05789088240742
1.0	5.879123332723737
1.0	7.288007104221757
1.0	0.747807202495237
1.0	16.14095596693189
1.0	5.367563004880177
1.0	10.621348369159536
0.0	4.766730400219228
0.0	6.267203607301769
0.0	0.0
1.0	3.350157924841085
1.0	0.787538943366479
0.0	10.708793213535154
1.0	2.8060411320407135
1.0	7.467995813278921
0.0	8.051267828307703
1.0	6.246349938267835
0.0	0.0
0.0	0.0
1.0	2.850139832104133
1.0	6.619088187823072
0.0	6.702823781977678
0.0	2.8891082648821733
1.0	1.3997774571187596
0.0	22.649265610820567
1.0	4.450523969534851
1.0	5.508356401486136
0.0	0.0
0.0	0.0
0.0	2.648286036854884
0.0	4.651360137236227
1.0	6.376379795436208
0.0	3.929886425820358
0.0	4.019873735835046
1.0	1.5231733552801061
1.0	4.62014588797239
1.0	0.6581316411515029
0.0	4.866540360912605
0.0	6.215351052747748
0.0	0.0
1.0	6.593408030168459
1.0	10.726922316636976
1.0	1.0374869231154056
0.0	0.0
0.0	10.144818893475769
1.0	5.038933788239429
1.0	4.2780069323264
1.0	4.711568077793221
1.0	5.307496370447493
0.0	6.963337344804743
0.0	9.380928753663431
0.0	0.0
0.0	0.0
0.0	0.0
1.0	5.8166215714181915
1.0	7.273255038434842
1.0	8.225436027670527
1.0	7.312937201932222
1.0	5.265630805157338
0.0	7.111897224225289
1.0	5.387920674213809
0.0	6.305039698557947
1.0	8.919062396380506
1.0	5.183604629301282
1.0	10.146958678054471
1.0	16.68344589944901
1.0	0.6972879328404901
0.0	0.0
1.0	2.8755730227416127
1.0	4.419001864297443
0.0	0.0
1.0	9.29269682839702
1.0	7.866733408553973
0.0	0.0
1.0	5.402061235381697
1.0	0.7055353922945301
1.0	4.055265748166174
1.0	8.31813442356702
0.0	2.958577993383089
1.0	3.3538584287465127
1.0	4.742735627264932
0.0	4.394997955962077
0.0	5.967319456783904
0.0	4.106982256311655
1.0	3.764605332696543
0.0	21.903592891926717
1.0	9.190576558434218
0.0	0.0
1.0	0.6178390782271387
0.0	5.107930147296336
0.0	3.2026643731929343
0.0	0.0
0.0	0.0
0.0	0.0
0.0	2.6334683435355326
1.0	5.244212960315621
1.0	1.678032088402534
1.0	7.127428255319136
1.0	0.903588575918005
1.0	11.61003985465786
0.0	5.399542572282025
1.0	5.156933773154963
1.0	3.589676848838018
0.0	8.78269949673345
1.0	11.54372781375696
1.0	2.239670111250781
1.0	8.976445786329894
0.0	0.0
0.0	9.8822791966993
1.0	6.703276858808263
1.0	2.063511672285713
1.0	8.262296089327373
1.0	6.448888335715176
0.0	9.381419506428788
1.0	11.96573370333631
0.0	0.0
1.0	5.59635279878082
1.0	9.783501503057444
0.0	3.8674341994798582
0.0	0.0
0.0	0.0
0.0	6.470405596314615
0.0	4.240314886282724
1.0	2.3058549170199845
1.0	12.680018616199792
0.0	6.7896913490686215
1.0	2.767173745662344
1.0	1.3633226827705764
0.0	7.079778700754792
0.0	5.042331707846719
1.0	12.352612090149332
0.0	3.1010196568815616
1.0	6.961973947508785
1.0	5.48886403138189
1.0	11.766856996906876
1.0	0.7029234476038958
0.0	1.9711867522503688
0.0	1.7372956356444258
0.0	1.8854907420248475
1.0	4.390040355382164
1.0	8.748092323872783
1.0	5.162391225360334
1.0	6.239342334295017
1.0	6.385379504264177
1.0	4.433265467463048
1.0	2.3140943142971953
1.0	5.408824298993071
0.0	0.0
0.0	0.0
0.0	0.0
1.0	10.479076714722588
1.0	10.346257439176687
1.0	3.167268096421327
0.0	0.0
1.0	3.592544504820696
0.0	0.0
0.0	0.0
0.0	4.873300085350399
1.0	2.394202541559299
1.0	8.139674420291582
0.0	10.012065335199177
0.0	2.6101808930186765
1.0	5.040407907539083
1.0	9.080959592312759
1.0	8.761289277483808
1.0	8.383603639047063
1.0	9.339993709326395
0.0	0.0
1.0	6.54730442099584
0.0	14.109209005726859
1.0	7.5102988847301475
1.0	7.421531795203738
1.0	6.626970906025448
0.0	2.822741620359309
1.0	4.339937407027605
0.0	0.0
0.0	0.0
1.0	13.588900017763322
0.0	0.0
1.0	6.207813376176796
0.0	3.5746077799348743
0.0	5.709576464799741
0.0	9.381700759779756
0.0	0.0
0.0	1.4343431749887137
0.0	0.0
1.0	6.3045451940266055
0.0	7.147252262155824
0.0	8.809154670846523
1.0	4.151860377349153
1.0	13.939653152737439
1.0	8.295656425256183
1.0	1.2197179376159266
0.0	5.725875126989685
1.0	6.9026172146029054
1.0	13.631419699309653
1.0	0.22328095374196572
0.0	2.5477954524178013
0.0	4.307659376230361
1.0	5.386106585182803
0.0	2.468379087775656
1.0	8.730516316227053
0.0	2.1271571599630947
1.0	3.3139670690796628
0.0	12.942851556393311
1.0	6.364968312585929
0.0	5.468283678538541
1.0	2.270443445879865
1.0	0.5858480325856001
0.0	4.193182313699472
1.0	5.85612305832787
1.0	3.1874223163590356
1.0	0.8057555693868598
1.0	2.941543209780455
1.0	3.8863531173596866
0.0	0.0
0.0	14.937157261831041
1.0	6.23916040546311
1.0	1.5797784536854
0.0	8.493360773361326
1.0	4.516960934966353
1.0	4.811359413859516
0.0	6.481990356976127
1.0	4.4258702018444405
1.0	4.113825037472952
1.0	1.5075097004947053
1.0	6.886010020040757
0.0	2.119933585226141
1.0	5.982608082365986
0.0	3.795054692580255
1.0	0.5738542011221055
1.0	13.902834523027582
0.0	2.7861457232458746
0.0	4.8498422901055696
1.0	9.085755922324715
1.0	4.850472967380989
0.0	0.0
1.0	5.316336588786567
1.0	5.030535278503374
1.0	8.795498095728504
0.0	3.5276878488747108
1.0	7.8502916745483615
0.0	0.0
0.0	6.792385460363176
1.0	5.462971377222478
0.0	4.659668861849504
1.0	5.571596286548023
0.0	5.988785486841786
1.0	4.445094908670957
1.0	9.816333872064266
0.0	8.841379188935457
1.0	5.461586664149958
1.0	9.106393954322453
0.0	4.314701690061758
1.0	8.410867454221615
1.0	5.031951531586975
1.0	7.422456662323932
1.0	8.476000618071911
1.0	11.104137505292595
1.0	5.539067291005616
1.0	1.0689351026619704
0.0	0.0
1.0	7.824968024771254
1.0	2.35059128087519
1.0	5.316481504537648
0.0	0.0
1.0	6.264991396220778
1.0	0.5262926219358338
1.0	8.028272716443055
1.0	4.216973713718697
1.0	3.8821860152868473
0.0	0.0
0.0	2.720580383169785
0.0	6.2411367645880675
1.0	2.971051214568743
1.0	2.915398952597902
1.0	3.057382573219911
0.0	3.536997802034233
1.0	5.257371546767612
1.0	1.6453854124667924
1.0	3.994411458610126
1.0	4.833495255503674
0.0	4.491174228260251
0.0	0.0
0.0	7.726743186996891
0.0	0.0
1.0	12.085311849045231
1.0	3.735963223520852
1.0	3.957316715473749
0.0	5.69652739927107
0.0	0.0
1.0	11.124622791028212
1.0	3.7743054643140193
0.0	0.0
0.0	0.0
1.0	1.9821494630181424
0.0	3.527293930983418
1.0	8.923673428332368
0.0	3.646110120063362
0.0	7.39589832194534
0.0	14.189925914735646
0.0	0.0
0.0	0.0
0.0	0.0
1.0	4.1926323397131435
1.0	3.1485630886866605
0.0	0.0
1.0	4.803338559377843
0.0	0.0
1.0	9.273346829282614
0.0	1.5625275793256908
1.0	7.364200633677236
1.0	10.428898490567516
1.0	1.628999428711072
1.0	5.9926467099442595
1.0	6.083324820741285
0.0	3.114679220196783
0.0	4.289896771825433
1.0	4.577262606535153
0.0	7.7627021346544005
1.0	0.11721420094003648
0.0	3.0114564069716674
0.0	7.1101435156209725
0.0	3.3195416028074582
1.0	7.132633918394435
0.0	2.545308870180529
1.0	7.165753779535047
1.0	6.789710210569852
1.0	8.20718841503426
1.0	13.331957358391639
0.0	8.301991047240444
1.0	7.495926134196016
0.0	4.201934561131217
0.0	8.287648700978716
1.0	6.6088363754629205
0.0	0.0
1.0	4.078031219862717
1.0	11.029369754927522
1.0	1.4337792400103373
1.0	13.624668781197823
1.0	3.842784824083722
1.0	7.914708290217392
1.0	6.111790592390522
0.0	9.897656250952036
1.0	14.40630197523969
0.0	8.81158826448784
0.0	0.0
1.0	7.42405098712797
1.0	13.501170140944328
1.0	10.846485652693072
1.0	4.367250589771704
1.0	4.7351190402862455
0.0	0.0
1.0	11.751004314963296
0.0	12.24719010193732
1.0	2.852586221097323
0.0	0.0
0.0	4.930484296091168
0.0	6.964845851293974
0.0	3.5018548230821023
0.0	0.0
0.0	9.575061556318047
0.0	0.0
1.0	10.845023341588101
1.0	6.033343984527787
0.0	7.974269422271778
0.0	0.0
0.0	0.0
1.0	8.32337478637313
0.0	0.0
1.0	3.924192555546234
0.0	3.027793027678089
1.0	7.4761103039124555
1.0	12.538317225697375
0.0	25.71149393934458
1.0	6.275775189691841
0.0	0.0
0.0	4.203337360240598
0.0	0.0
0.0	5.546389702618514
1.0	4.615258517742235
1.0	2.888343689093364
1.0	1.7934354352773887
1.0	4.242280237225824
0.0	4.41311390488479
1.0	0.7517939836715666
0.0	2.6576909133807893
0.0	6.147988587428874
1.0	3.914497902056165
1.0	1.0539675373900212
1.0	7.479993300535059
0.0	7.135823140291337
1.0	6.047077404109967
0.0	0.0
1.0	1.8402670969298673
1.0	3.1454704917145513
1.0	12.021233116505643
1.0	8.828471673199415
1.0	1.763978781110314
1.0	1.899857332118238
1.0	13.608799761088559
1.0	4.970243665760635
0.0	5.708541954824548
1.0	3.917968385997963
1.0	1.3017442076928998
1.0	15.742347060604715
1.0	12.004554465922824
1.0	1.3329411329173495
1.0	9.206084195175158
1.0	5.192894663322171
0.0	9.808868962761862
1.0	5.275537192222585
1.0	5.881965949656797
1.0	3.237511922594037
1.0	5.637645672415289
1.0	8.460189083939497
1.0	1.4304926841303751
0.0	3.3330557257817786
1.0	13.017101497831886
1.0	4.796127766319658
1.0	5.806334470384845
1.0	3.6948472026573627
1.0	7.514832542333232
1.0	4.828173182732754
0.0	12.51932723335936
1.0	4.350470330716686
0.0	5.41862446407791
0.0	10.133973124744374
0.0	7.409077311613889
1.0	8.44321031062464
1.0	2.7152819254774747
0.0	5.574387129420914
0.0	0.0
1.0	7.337344139232601
1.0	6.7436372981718575
1.0	0.722329565443715
1.0	5.004808671515922
0.0	7.094317316765095
1.0	3.0846166201396334
1.0	3.666008765194877
0.0	1.5560461246861026
1.0	6.493022955472544
0.0	6.946473201661167
1.0	7.109196052345671
0.0	0.0
1.0	9.682768458305006
1.0	7.448764120606598
0.0	0.0
0.0	3.6903092257546364
1.0	3.6468911648672275
0.0	0.0
1.0	5.311825324770071
0.0	0.0
1.0	0.723042479147235
1.0	3.6116646950177573
0.0	5.653506817920252
0.0	9.82497185646789
1.0	4.258905098019913
0.0	3.633557776668062
1.0	8.299028593531007
0.0	7.343279626687844
1.0	8.963011084161506
1.0	7.373273098653511
0.0	0.0
1.0	8.152540008183896
0.0	0.0
1.0	3.4534995687917394
0.0	5.2987022593676025
1.0	1.8181794025119675
0.0	10.81985977921383
1.0	4.635702591692751
1.0	4.844533609732646
0.0	11.083492899041083
0.0	4.467739555497714
1.0	7.920675878165811
1.0	9.093209028446285
0.0	4.292015439755648
1.0	6.684292798869195
0.0	6.236090968743835
1.0	4.572104777766259
1.0	10.734944446250323
0.0	0.0
1.0	1.6693581571437193
1.0	12.063358319375924
0.0	2.223043240001292
1.0	6.019075696616659
0.0	2.5988936198025345
0.0	0.0
0.0	11.186041864264412
1.0	9.425019830824954
1.0	8.427611514453927
0.0	5.145763083309867
0.0	4.646691524921672
0.0	3.383626100184327
0.0	0.0
1.0	4.06935505924286
1.0	4.875945703026568
0.0	4.950659944700267
0.0	3.6069102738580416
0.0	7.414146325955469
1.0	4.696342423818627
1.0	10.95552938393843
1.0	1.9464890616672021
0.0	7.518149009805525
1.0	6.040603589321724
1.0	6.5962449763523425
0.0	7.271954894851316
0.0	0.0
0.0	5.309954810712855
0.0	1.3113663964528135
0.0	10.963786591118325
0.0	3.9435343163751186
1.0	2.7773177312510304
0.0	9.309495314885673
1.0	14.593137543458516
1.0	8.095643781974827
0.0	5.483049990051422
1.0	7.324349748592632
1.0	11.108959373190038
0.0	8.577660062084176
0.0	5.597513462968861
1.0	12.987178290447735
1.0	3.838420263338278
1.0	10.557711422891789
1.0	11.817822014390293
0.0	0.0
1.0	4.630698860621999
0.0	8.644086012879022
0.0	0.0
0.0	2.625214438641478
0.0	7.316873241162201
1.0	11.84963360155355
1.0	3.7941087817301287
0.0	0.0
0.0	3.838774442899657
1.0	4.979518522118313
1.0	14.688261438559907
1.0	0.5464467672579685
0.0	3.005135162152805
1.0	4.605119487555884
1.0	12.029277639012703
0.0	8.638765586637387
1.0	9.210798846478106
1.0	7.867177589219911
0.0	1.4837409049102739
0.0	1.1692935477694129
0.0	6.167857108034691
0.0	4.000964302819134
1.0	10.97865844780179
0.0	0.0
0.0	6.339632091707109
1.0	7.407222375738684
1.0	6.39719388240807
1.0	3.7890306257203017
0.0	0.0
1.0	4.5246016719531665
0.0	3.269041817503843
1.0	3.810871281397853
1.0	4.495625237849423
0.0	6.9488591279716685
0.0	0.0
1.0	5.317262508134179
1.0	9.45860924643711
1.0	0.3605289120897601
1.0	16.480333146158813
1.0	6.307864139776601
1.0	3.9072329778516846
0.0	6.573324857627661
1.0	2.0820426878030704
1.0	7.623528907738907
0.0	7.149134997836043
1.0	5.16643077552189
0.0	0.0
0.0	0.0
1.0	4.694019344936798
1.0	11.46249835685251
1.0	3.942568235062436
0.0	0.0
1.0	11.13947591772263
1.0	6.508850727944203
1.0	3.199588269943395
0.0	0.0
1.0	1.8099317470121028
0.0	0.0
1.0	9.951156836172952
0.0	8.53650629440827
1.0	8.855647955158114
1.0	2.746125111779818
0.0	0.0
1.0	6.516687408187621
1.0	16.036091664045898
1.0	0.7219628652640218
0.0	0.0
0.0	2.8530347801992626
1.0	1.8993011565123683
0.0	0.0
1.0	7.1350390925000635
0.0	0.0
0.0	5.997587935138355
0.0	0.0
0.0	0.0
0.0	0.0
0.0	9.469838007254753
0.0	2.6769897670360123
0.0	3.819482831366006
0.0	5.180623915892289
1.0	5.415194668750607
1.0	2.837450339381803
1.0	3.003348609614163
1.0	7.915169253764748
1.0	5.491104625103369
0.0	0.0
1.0	9.202351995037043
0.0	0.0
1.0	2.6917079384943596
0.0	7.554505707979561
0.0	0.0
0.0	6.568360147675065
1.0	5.602738454067968
0.0	0.0
1.0	13.727718766551336
0.0	5.321159926687732
0.0	10.625296148996966
1.0	9.067636495460452
0.0	4.308525817478997
0.0	2.571480943411677
1.0	6.043580043895458
1.0	1.925920517692246
1.0	3.3359130607520098
1.0	1.9171346416686024
1.0	5.985531826123204
0.0	0.0
0.0	2.770966743711257
1.0	9.260414921486614
0.0	2.922258198344775
1.0	8.090894576265963
1.0	7.020518352144794
0.0	0.0
1.0	2.1003412032141187
0.0	0.0
0.0	3.0214545278668297
0.0	0.0
1.0	11.630942863928352
1.0	5.079446572241531
0.0	6.625588830116622
1.0	5.835997853142441
1.0	6.402730565121171
0.0	0.0
0.0	0.0
0.0	9.40160884400017
1.0	8.849601748605536
0.0	4.795637667169235
1.0	9.346746235597065
0.0	5.87507253202996
0.0	2.3819311028220875
1.0	12.419629350950036
0.0	0.0
0.0	12.837404991353717
1.0	3.1927025962148656
0.0	7.284486880805837
1.0	5.424508378913534
0.0	0.0
0.0	7.940461276822403
1.0	4.389055829709573
0.0	0.0
0.0	2.4757534339724248
1.0	4.473925582167893
1.0	5.109952045590116
0.0	6.410980742586631
1.0	5.982360314137245
0.0	0.0
1.0	0.814914739656076
0.0	0.0
0.0	2.1427064080877734
0.0	4.149444449072711
0.0	6.359911270574653
1.0	6.750158412283004
0.0	5.721370508134015
1.0	0.8668492151798879
1.0	10.308919100567028
0.0	0.0
1.0	4.400396208931441
1.0	4.313363607643463
1.0	7.482100319310067
0.0	0.0
1.0	4.360629874279991
1.0	1.3151884181321036
1.0	3.906135542797426
1.0	0.9874357954518991
1.0	3.6926801955717607
0.0	0.0
1.0	3.9282008917554383
0.0	2.9497061578917334
1.0	10.622519366201354
0.0	7.543182313292411
1.0	9.30485586629805
1.0	8.712690240482976
0.0	2.597654328969411
0.0	6.5920644947651725
0.0	0.0
0.0	0.0
0.0	0.0
0.0	0.0
1.0	2.1119246782972056
0.0	0.0
1.0	5.603560087637051
0.0	9.715620566147662
0.0	0.0
0.0	2.4878396321788707
0.0	7.39920722243256
1.0	2.3471729731480533
1.0	5.143897649307692
0.0	0.0
0.0	3.8194864789292104
1.0	5.293233517013026
1.0	1.5834729817846223
1.0	10.182473096375585
1.0	5.691685867125814
1.0	6.901842899366627
1.0	9.655254178679995
1.0	6.475803109533427
1.0	12.450712497216973
0.0	2.88911356017858
0.0	3.9700736843761835
1.0	3.35530947939615
0.0	4.649386944917875
0.0	9.355089310613476
0.0	0.0
1.0	3.8515885835397974
1.0	12.814574022964987
0.0	0.0
0.0	0.0
1.0	6.125001357325766
1.0	3.3331303058332975
1.0	7.696637413360822
1.0	1.5584974919921173
0.0	3.166810000999178
0.0	10.05007276213236
1.0	2.4672177018908927
1.0	4.572175916050397
1.0	4.184252023261863
0.0	1.357232973198579
1.0	9.751248460818875
1.0	3.626516874317193
0.0	0.0
1.0	4.810028272505951
1.0	14.99371251480501
0.0	3.090397673526075
0.0	0.0
1.0	7.1022607141121155
1.0	4.888773222470385
0.0	7.914364620778327
0.0	3.202367806253779
1.0	5.809011048697558
1.0	1.9136343962765496
1.0	0.6901113151773739
1.0	10.474560740439225
1.0	7.574956985605961
0.0	0.0
0.0	0.0
0.0	5.549801464373291
1.0	2.80963158170566
1.0	12.769841230470112
0.0	0.0
0.0	0.0
1.0	5.493246982074661
1.0	6.157365570402651
0.0	4.915920461098679
1.0	3.2230441484070944
1.0	7.557704375329664
1.0	3.9882506662265933
0.0	0.0
0.0	0.0
0.0	0.0
0.0	0.0
0.0	0.0
1.0	2.549586168065117
0.0	3.9678338062988487
1.0	5.869247195852675
1.0	4.18381874101616
1.0	3.1655530586093192
1.0	7.359207661306139
1.0	3.5609260491574726
0.0	8.326410719822007
1.0	11.755736019123457
0.0	2.6952774385417704
0.0	0.0
1.0	7.215747583895462
0.0	0.0
1.0	4.416740948651426
0.0	2.0880130729515956
1.0	10.592075874441868
0.0	0.0
0.0	0.0
1.0	6.641576140286212
0.0	19.210584207195634
0.0	6.855561009695867
1.0	5.272325866353976
1.0	3.528011603603069
1.0	4.974300375940011
1.0	5.699358641044537
0.0	3.211684266903316
1.0	8.689959518945498
1.0	7.719778709782
1.0	6.890473221930704
0.0	1.7907896273399355
0.0	5.133423784685199
0.0	7.264029399202066
1.0	3.629463053861011
0.0	0.0
0.0	1.7953673424887575
1.0	9.575768537784407
0.0	5.366307458668821
0.0	0.0
0.0	0.0
0.0	0.0
1.0	4.495961590351876
0.0	0.0
0.0	0.0
1.0	7.081068962969578
0.0	0.0
1.0	13.874651403982545
0.0	8.925503404869536
1.0	0.5579463918824282
1.0	7.382915042162303
0.0	0.0
1.0	2.9543320099654804
1.0	8.889231382117664
0.0	0.0
1.0	6.866920793309705
1.0	5.997488346170537
0.0	7.292331770379611
1.0	2.574019557174975
1.0	3.906963684848341
0.0	7.512117220135888
1.0	8.4682441661517
1.0	7.915419300443463
0.0	0.0
1.0	4.951447058656315
1.0	4.008310428722904
1.0	0.672182670781492
0.0	0.0
1.0	6.533764360927288
1.0	8.268302683728281
1.0	2.7005251375046404
1.0	10.562651872983558
0.0	4.611603827415845
0.0	0.0
0.0	0.0
0.0	7.231071167053154
0.0	0.0
1.0	7.261555153187668
1.0	9.183934416824656
0.0	7.308036510467115
0.0	6.148272414826935
0.0	0.0
1.0	8.85943546125263
0.0	0.0
1.0	16.03613016504538
0.0	6.027505767933148
0.0	2.7577714776448077
0.0	0.0
0.0	0.0
1.0	5.284884400918515
1.0	8.656656373147316
1.0	6.66543250516095
0.0	4.871265494667963
1.0	2.878775792346979
0.0	0.0
0.0	9.9198380348264
0.0	0.0
1.0	3.7869299009451503
0.0	0.0
0.0	0.0
1.0	7.327673310802863
0.0	3.4405622200390074
0.0	0.0
1.0	0.7179682432391746
1.0	1.945104178752735
0.0	5.403884972042691
0.0	0.0
1.0	0.3450243100511273
0.0	0.0
0.0	0.0
1.0	0.9677373290706981
0.0	10.356482427851113
1.0	7.395467635268618
1.0	5.253610968032866
0.0	5.941454984372253
1.0	12.15279337328572
0.0	3.4906681618143622
0.0	0.0
1.0	11.683086890025425
1.0	1.1886392568545423
1.0	3.1166685802914302
1.0	7.22220773764439
0.0	6.161383533101687
0.0	6.502490465914855
0.0	5.8994901303296965
1.0	9.511198356359555
0.0	3.9819044532641064
0.0	6.901481175672134
0.0	5.927168827557018
1.0	13.642093312834215
0.0	6.185412789888496
0.0	3.607343658805951
1.0	10.226696268739927
1.0	6.518754616587115
0.0	6.962305718258986
0.0	3.217546775408843
0.0	6.492383158726247
0.0	5.522976323251735
1.0	3.278450234414688
0.0	0.0
0.0	0.0
0.0	0.0
1.0	0.9067150776734325
0.0	5.689514271664624
1.0	1.8468415949133212
1.0	9.217232403606971
1.0	1.5407241441994988
0.0	2.020482689347942
1.0	6.443835195572156
1.0	8.188024649333713
1.0	0.9444461678132452
1.0	5.438623967794758
1.0	9.336641576882533
0.0	5.0091162272313055
1.0	7.385809981982358
1.0	7.210976462356303
1.0	3.8962553530199773
0.0	0.0
1.0	7.277597577467141
0.0	0.0
0.0	5.091563169578158
1.0	12.06021450358375
0.0	2.8899163710712816
1.0	4.280648084732886
1.0	4.627036375085788
1.0	2.6377716254622525
1.0	4.469900787862488
1.0	8.55029946180603
0.0	0.0
0.0	15.2751121701021
1.0	5.15256811869543
0.0	12.906446293147956
0.0	7.512936777177269
0.0	3.995191393112825
0.0	2.442423343142778
0.0	0.0
1.0	4.006625469411096
1.0	3.4715580015958647
1.0	4.04138074354529
1.0	7.838233435853845
0.0	4.0639471038473145
1.0	0.9774034939352922
1.0	1.4905393533687847
1.0	6.994259304766159
0.0	0.0
0.0	4.450955242863604
0.0	6.834736540529958
0.0	1.9323572091986836
0.0	0.0
0.0	12.296864944785353
1.0	7.543424834348364
1.0	8.275839697182057
1.0	5.810501345585268
0.0	0.0
1.0	5.48854764768152
0.0	0.0
0.0	0.0
0.0	0.0
0.0	2.85089416321549
0.0	0.0
1.0	3.5786314987739134
1.0	3.3881590919222973
1.0	7.379446548192486
1.0	7.904760230745308
1.0	7.304408894745036
1.0	6.394133387601673
0.0	0.0
0.0	4.509547166446384
0.0	5.3268359909377025
1.0	7.916664673047875
0.0	4.468753137078924
1.0	5.456070474021901
1.0	5.744038825589276
0.0	2.047863148353677
0.0	0.0
0.0	0.0
1.0	7.031879004400548
0.0	4.3272093020187175
0.0	2.1953389695940198
1.0	1.4856235538716163
1.0	1.1350954732411689
1.0	6.375993146525008
0.0	0.0
1.0	5.321021030659655
1.0	11.067634926126987
0.0	0.0
0.0	0.0
0.0	5.537396123782007
1.0	2.273719543728959
0.0	5.343659203740247
1.0	7.036777733806629
1.0	3.8323927055748976
1.0	10.376283129821369
0.0	3.9597781334735034
0.0	0.0
0.0	0.0
1.0	5.5581575905144485
1.0	0.6434039484327548
0.0	6.009792691201613
0.0	4.754130741434302
0.0	4.270851500487763
1.0	5.72313580164324
1.0	7.136370061568668
1.0	5.3459045414492845
0.0	0.0
1.0	10.296065757442967
0.0	5.223263615556429
0.0	7.184077792040437
1.0	14.191880017970302
0.0	6.320929622370662
0.0	0.0
1.0	1.9151507184922856
0.0	0.0
0.0	5.321215654514613
0.0	0.0
0.0	0.0
1.0	5.132122673443518
1.0	1.717995706200408
1.0	8.29714104816869
1.0	2.261471960407624
0.0	2.0777908505448095
1.0	8.444540731367484
1.0	2.6544790596872048
0.0	7.585437045091943
1.0	0.8550480235475238
1.0	3.3860061037403293
0.0	0.0
1.0	6.575249037766141
1.0	6.9984228590235364
0.0	3.838959273382937
1.0	0.2557744050567304
0.0	10.521827467603801
0.0	14.424583585404584
0.0	20.707665246160765
1.0	13.98787795347776
0.0	6.713291514856348
0.0	5.393557704744495
0.0	0.0
0.0	8.67701227070371
0.0	6.9914484275737045
0.0	3.9848424803604576
1.0	5.789388316447701
1.0	2.317879312670157
1.0	8.997512223889741
0.0	0.0
0.0	23.842260593151455
1.0	4.261305491605007
1.0	3.941294922435412
0.0	0.0
1.0	8.700763933362435
1.0	6.297574449947583
0.0	5.485761291478681
0.0	6.460859428935374
1.0	7.028363726592162
0.0	4.140319880650652
1.0	9.601956505149722
0.0	0.0
0.0	0.0
1.0	3.943267883873133
0.0	4.623174451649956
1.0	5.882147056756861
0.0	1.6093610457252372
1.0	3.0131841911133885
0.0	2.8598504337766895
1.0	5.599995792058225
0.0	8.967348723896395
0.0	4.143583167608058
1.0	7.130266908995549
1.0	9.302978587632923
0.0	0.0
0.0	0.0
0.0	0.0
1.0	2.4580096263996403
0.0	1.769249491192712
1.0	12.904207833642213
0.0	0.0
1.0	14.866842126702029
0.0	6.293106649024264
0.0	6.317169951793504
1.0	5.029051065625195
0.0	3.291885550095705
1.0	5.77737328863391
1.0	4.120423201142628
1.0	4.68372750986317
1.0	10.098905972970975
1.0	10.113495873445903
0.0	22.702162345331352
0.0	0.0
0.0	3.514500847115209
1.0	13.568776715467225
0.0	0.0
0.0	0.0
1.0	6.091913044787818
0.0	0.0
0.0	0.0
1.0	3.6751089004409696
1.0	7.017948955099677
0.0	1.7636256434802515
0.0	3.669296254346926
1.0	8.199142083396467
1.0	3.499153724769022
0.0	11.398728698639074
0.0	4.678321636182583
1.0	7.974866933518853
0.0	5.862519916047068
1.0	2.782822235830569
0.0	2.565263995564412
1.0	1.7955701865254643
1.0	8.46631465308296
0.0	0.0
0.0	0.0
0.0	5.996074393625278
1.0	4.030642009501091
1.0	14.132495744550699
1.0	5.29576205128527
1.0	2.0002006205936014
1.0	5.262906104591611
1.0	3.9689068702740906
0.0	0.0
0.0	0.0
0.0	2.2631878350620953
0.0	2.7212759605339207
1.0	10.86694852838361
0.0	4.305786751188849
1.0	4.280954013464937
1.0	3.2661266624089227
1.0	3.7874758066780294
1.0	8.066573633481712
0.0	0.0
1.0	7.887449030451449
1.0	6.961259835013312
1.0	5.015929741031853
0.0	7.743512189023222
0.0	0.0
0.0	4.818327049928277
1.0	2.8506324303269266
0.0	0.0
1.0	2.962474714292283
0.0	0.0
0.0	7.843947452939076
0.0	9.693490585655809
0.0	0.0
0.0	5.473771998732759
1.0	6.657007953574482
1.0	8.030351802016678
0.0	0.0
1.0	5.61678436535185
0.0	0.0
1.0	3.6550960280345994
1.0	3.0149414504426018
0.0	0.0
0.0	8.23786518980145
1.0	11.12847556743933
1.0	7.176611902622813
0.0	8.904770855572918
0.0	5.336434511205313
0.0	0.0
0.0	0.0
0.0	0.0
1.0	1.4670272086357394
0.0	4.502521524406296
0.0	3.486045535353821
1.0	3.1887744431152836
1.0	6.21120177832776
1.0	10.23418433724216
0.0	11.197208679848204
0.0	5.920953589839012
1.0	8.571861859196595
0.0	18.32297720479267
0.0	0.0
1.0	8.835161853490744
0.0	9.079409217263512
0.0	4.145539691114579
1.0	7.262123751047777
0.0	0.0
1.0	8.765471376546207
0.0	0.0
1.0	1.9616235043856873
0.0	0.0
0.0	9.156860795609688
0.0	5.076536295444979
1.0	1.098157087679111
1.0	3.5405336698680805
1.0	11.51560737100223
1.0	5.103650916504811
0.0	0.0
1.0	5.07045705191789
1.0	4.34728852169369
1.0	3.0148664982812203
1.0	7.2908675051853775
0.0	3.9950789071163797
1.0	4.375865193765671
1.0	3.293235949642684
0.0	0.0
1.0	10.249181296239474
0.0	0.0
1.0	4.532593920219679
0.0	8.318739008329104
1.0	7.242806318192931
1.0	2.190339048410337
1.0	12.624482938386922
1.0	14.702592787432666
1.0	14.948074378392903
1.0	2.079305855795247
0.0	5.697977671428312
0.0	0.0
0.0	2.227668155607935
1.0	11.958362276767188
0.0	2.8733560033194547
0.0	0.0
1.0	6.493110885206341
1.0	5.017470610414656
1.0	0.490329106555602
1.0	6.415598903928421
1.0	2.9476743784304316
0.0	6.708636683142851
1.0	7.602946790385121
0.0	5.84248866702174
0.0	7.229781135958899
0.0	0.0
1.0	14.581390800835718
0.0	4.843869042301946
0.0	0.0
0.0	0.0
1.0	11.304162079049393
0.0	0.0
1.0	5.6281829525638
0.0	0.0
0.0	0.0
0.0	3.967885596780159
0.0	13.828750442040254
0.0	0.0
0.0	6.003153713542086
0.0	1.948406531358228
0.0	8.398434066054243
1.0	13.439617063174747
1.0	14.866648461869119
0.0	0.0
1.0	7.519162434950254
0.0	7.642297497399908
0.0	5.115144587601423
0.0	6.141451526464066
1.0	8.177215779273515
1.0	3.4279842423887192
0.0	5.127434360929364
0.0	7.068909227633753
1.0	8.870577608987215
0.0	0.0
1.0	11.18393365476055
0.0	0.0
1.0	7.61836088470064
1.0	3.0168000049327155
1.0	7.6701395243195725
1.0	10.047523957144362
0.0	3.351528916741412
0.0	4.458853482550495
1.0	10.434696570818666
1.0	0.6992778208891096
1.0	8.433114954930193
1.0	2.524700593207822
1.0	8.37725027226973
0.0	5.643175797826064
0.0	4.1096511917017535
0.0	2.7797574600128296
0.0	0.0
1.0	9.308262687113556
0.0	0.0
1.0	2.8932302955180043
0.0	0.0
0.0	2.775128430586031
0.0	4.517254995762782
0.0	10.958225625245278
1.0	2.2198713790849913
0.0	2.76117013692474
1.0	12.491725187131044
0.0	0.0
0.0	5.535096975925046
1.0	0.5787931996779854
1.0	0.7656205231590114
1.0	1.7412103280993712
0.0	3.392537064885102
0.0	1.775912827891941
1.0	3.3329486221296283
0.0	5.252888803508741
0.0	6.220662503367913
1.0	3.4663870662944123
1.0	6.248347607764101
0.0	0.0
1.0	10.20380928063572
1.0	9.120776219007338
0.0	6.68404697968358
1.0	1.8851338093269758
1.0	5.789035031042378
0.0	2.301545923476617
1.0	11.292089755531821
1.0	9.66178325159944
1.0	4.200315396461904
1.0	7.366571918853177
0.0	3.6390406662646804
1.0	3.199418210661806
1.0	0.3766920404380402
1.0	0.8044039381485778
1.0	2.4815186949844636
1.0	8.361716504188088
0.0	0.0
0.0	4.1186690529647585
0.0	3.6524686272709164
1.0	10.445033150115258
1.0	5.587749588151246
0.0	0.0
1.0	6.296299829459701
1.0	4.071905346730303
1.0	2.6151576407955446
0.0	3.4896990563917143
0.0	3.5838761056976756
1.0	6.448370374912698
0.0	0.0
1.0	0.5728938057805191
0.0	3.0627478169461817
1.0	7.202296764310318
1.0	3.0075458688786543
0.0	17.79855812438335
0.0	0.0
1.0	9.209177288515761
1.0	2.555316525112945
1.0	6.223820965121834
0.0	0.0
0.0	3.379956937765151
0.0	6.8527932992906475
1.0	1.6457088777528188
0.0	8.869399678726236
1.0	6.391077693507811
1.0	3.2937429983603166
1.0	2.990944246636324
0.0	7.713991113264817
1.0	11.910076412593368
1.0	4.371631864371953
1.0	5.047741803327215
1.0	9.397327603244932
1.0	6.56926904211803
1.0	8.141587534922241
0.0	0.0
1.0	12.588598093985961
0.0	0.0
1.0	9.529555841267936
1.0	4.208556672894708
1.0	8.668284585936444
0.0	0.0
0.0	0.0
1.0	7.629947413073904
0.0	3.4573689350858983
1.0	8.94008731598353
1.0	4.381155408741155
1.0	7.11253484960723
1.0	7.50161819340721
1.0	7.8269097761864606
1.0	0.7601641347765019
1.0	6.595849610691935
0.0	0.0
1.0	9.61792759088356
1.0	2.9711499513311916
1.0	7.7901029428057775
1.0	7.367746213450682
0.0	0.0
1.0	6.777375001344709
1.0	4.091487438715339
0.0	0.0
0.0	4.130260509806423
1.0	13.800980143648326
1.0	2.7777230885156845
0.0	0.0
1.0	6.69366597698884
0.0	0.0
1.0	4.931511076873616
1.0	11.80967394325902
1.0	1.961742659516688
1.0	1.072645858010049
1.0	11.479917316796787
0.0	8.419083630364572
1.0	9.174716086999375
0.0	0.0
1.0	2.736837501443954
1.0	17.92247158612002
0.0	0.0
0.0	3.8438539834662433
1.0	1.6172226608352003
1.0	6.117508110484022
1.0	0.999273840939765
0.0	4.642770617748318
1.0	7.351149174596659
1.0	5.528408633751561
0.0	4.589625725849325
0.0	0.0
1.0	3.348449882818469
1.0	11.192294187244464
0.0	1.5395597171387232
0.0	9.580547981726399
1.0	1.4969889039389321
1.0	6.804971908799809
1.0	4.551522988540098
1.0	5.801623421330826
1.0	10.449994841867806
1.0	9.055666910275866
1.0	1.337416397837839
0.0	12.259339426475837
1.0	8.921269189948942
1.0	1.2967788731632064
1.0	5.98940226768096
0.0	0.0
1.0	1.3232645992712502
0.0	3.891816015041371
1.0	6.881707543072137
1.0	5.96175905753294
1.0	1.0738818606645326
0.0	0.0
1.0	5.012396613683222
1.0	5.903890736797102
0.0	0.0
0.0	0.0
1.0	9.785285369109332
1.0	4.953204003594013
1.0	12.581369955750107
0.0	0.0
0.0	0.0
1.0	3.1043583600654605
0.0	7.005533744363564
0.0	4.106006809756445
1.0	2.3235531172161634
0.0	6.753295872697161
1.0	10.41842693932371
1.0	1.907435832588145
0.0	0.0
1.0	1.8760857351865872
1.0	8.647907735264504
1.0	6.927221980208341
0.0	0.0
0.0	22.716104800211795
0.0	7.91046688496083
0.0	0.0
0.0	0.0
0.0	4.238467170518167
1.0	1.3611789193137573
0.0	0.0
1.0	3.307087668293755
0.0	7.758901262887416
1.0	20.22925447300134
1.0	2.2336488058193638
1.0	6.4146685138133455
1.0	4.792227166591684
0.0	9.35576452313189
1.0	7.36518346335099
0.0	0.0
0.0	4.895864688177687
1.0	9.171597717618692
1.0	2.243502899889288
0.0	0.0
0.0	0.0
1.0	6.5001867105925895
0.0	0.0
1.0	3.9557468987588797
1.0	9.251748672521444
1.0	15.253279551375584
0.0	0.0
0.0	9.276091676065768
1.0	6.2413025705582
1.0	7.4555197711757595
1.0	8.579313329897587
0.0	5.863817808506021
1.0	8.269764828992491
0.0	0.0
0.0	4.083731154731217
1.0	2.7163063722765908
1.0	8.91186376618495
0.0	7.570465936408756
0.0	2.646560930098156
1.0	0.5802286565588906
0.0	0.0
1.0	1.4227878369998876
0.0	2.6038937158260365
1.0	10.807832570318206
0.0	0.0
1.0	7.79316653930448
1.0	9.05511913285416
0.0	5.078053654234694
0.0	8.949737019275492
1.0	3.7402754985042805
1.0	11.053684589824645
0.0	0.0
0.0	2.671859504665042
0.0	15.996346105912684
1.0	14.588601227255438
1.0	4.261470721563683
1.0	11.497609769514202
0.0	0.0
1.0	3.9186831805877325
1.0	3.1645228627215736
0.0	6.125757617238792
1.0	3.1258812041517228
1.0	3.7421979415245628
0.0	0.0
0.0	6.497294981555681
0.0	0.0
1.0	4.682622551847267
0.0	4.448990086692721
1.0	3.8819878408234594
0.0	5.598772170764941
1.0	2.5368524045011824
0.0	9.623112763518968
0.0	0.0
0.0	0.0
1.0	10.19893038764067
1.0	0.7981630741807837
0.0	0.0
1.0	9.146555305514452
1.0	7.895404542343337
1.0	7.004619986824411
0.0	11.586470741799998
1.0	0.4786787305503524
1.0	17.45712674921779
0.0	1.9588666864460567
1.0	6.18473475842257
0.0	5.7846276968377985
1.0	4.6935027912750655
0.0	0.0
1.0	1.3033298930767554
1.0	6.3042521570968
0.0	0.0
1.0	0.0
1.0	6.3238750692208585
1.0	0.5585937825077548
1.0	4.852905204635027
1.0	4.9300293835218065
0.0	0.0
0.0	0.0
0.0	6.836947246669852
0.0	6.695800232333737
0.0	0.0
1.0	6.410646600140402
1.0	6.752324929731393
1.0	5.8495531118037105
1.0	10.660379682400997
1.0	2.8425115943705035
1.0	16.93440557668961
0.0	0.0
0.0	2.889634934117877
1.0	9.759295638809265
1.0	14.338068967952381
0.0	8.507182316813958
0.0	19.28721789321218
0.0	0.0
0.0	7.5121031198474135
0.0	0.0
1.0	9.02069259513502
1.0	9.427333680981588
1.0	21.111607458135367
0.0	0.0
0.0	0.0
1.0	9.552290898199015
0.0	0.0
1.0	8.98214769315365
1.0	11.086344602293961
0.0	6.146477767061516
1.0	2.5631578523815373
0.0	0.0
1.0	5.278314045468483
1.0	1.9179133224486444
0.0	1.8589324738270827
0.0	0.0
0.0	0.0
1.0	1.7989442432716454
0.0	5.527373853150688
1.0	7.907200006507368
1.0	4.993524053530233
0.0	7.680179587339305
1.0	4.7826467477816745
0.0	3.5928629522067763
0.0	0.0
0.0	16.299204184751016
0.0	10.323318780838813
1.0	10.698791624084453
0.0	0.0
1.0	4.01383026183684
1.0	9.649576996297919
0.0	8.859662730481112
0.0	11.632702647011016
1.0	8.591050349749839
0.0	2.7483458086222012
1.0	1.14681743250785
0.0	4.839452104250253
1.0	2.4132539299354527
0.0	4.187293782276472
1.0	2.50506206709407
0.0	0.0
1.0	1.8910960498582792
1.0	5.590565324167587
1.0	15.27959652228566
1.0	9.552770535715117
0.0	4.384238989417265
1.0	10.329386533319981
0.0	8.615622701607968
1.0	6.635073014360841
0.0	6.66816863151395
1.0	8.233963092518115
1.0	6.548570757595265
1.0	17.7112195072058
1.0	11.586268785584084
0.0	0.0
0.0	4.397987161547688
0.0	1.4755649388783794
0.0	4.137651163007791
1.0	3.045671386628132
1.0	7.7439746485276535
1.0	4.545534886782372
0.0	0.0
1.0	7.0652747683364225
1.0	5.306056847798354
0.0	6.00772000824763
1.0	11.28704948433842
0.0	0.0
1.0	0.8441869102126592
1.0	13.172498913023857
0.0	0.0
0.0	5.614589507754501
0.0	0.0
1.0	4.6126248225247055
0.0	5.244462910411206
1.0	2.10983632726122
1.0	3.922960007676189
0.0	0.0
1.0	7.018909568426169
0.0	5.246004355652311
1.0	4.630284993916006
1.0	1.662979454130039
0.0	8.37939686348943
1.0	6.228270349645237
0.0	0.0
1.0	11.102535693909555
1.0	3.0094392409458983
1.0	2.4317898078619815
0.0	4.958657879161248
1.0	5.701447927153615
1.0	7.1158836955209495
0.0	0.0
1.0	12.72804029689031
1.0	13.670102712874707
1.0	4.17393631220185
0.0	4.6411510994946905
1.0	8.021281157040795
1.0	1.011814733553512
1.0	13.78920923289026
1.0	2.636422562342999
1.0	12.779168531516461
1.0	0.8409306348225181
0.0	13.637369862286592
0.0	0.0
0.0	11.593659792371268
1.0	15.344234670213172
1.0	11.984379742730443
1.0	6.137310593428151
0.0	1.867969091379734
0.0	4.3122792672147305
0.0	6.940090968103668
1.0	0.748055786377647
1.0	10.86730303863221
0.0	0.0
1.0	5.834078848562348
0.0	5.6122337652107275
0.0	0.0
1.0	2.8899230126727655
1.0	4.784284542151528
1.0	10.375662844649431
0.0	5.288453639341113
1.0	10.964971159497345
1.0	0.7213474949519223
0.0	0.0
0.0	6.519990390244143
1.0	8.95045043782558
1.0	6.927187897492507
1.0	0.8326679159050607
1.0	12.986602623601247
1.0	7.321297391948607
0.0	6.758087385790975
1.0	10.388202587459965
1.0	11.440422625997808
0.0	5.372362021246472
0.0	9.209441689389347
0.0	0.0
0.0	5.01917227084173
0.0	2.26056009192806
0.0	6.827685688805998
1.0	7.2694033306543275
1.0	7.080550370319268
0.0	0.0
0.0	0.0
0.0	0.0
0.0	3.6690758903036764
1.0	8.318968968238867
1.0	9.45901874172322
0.0	2.1224247149056907
1.0	5.157551082312785
0.0	22.444838896576616
0.0	0.0
1.0	5.189582978160701
0.0	11.016520114351385
1.0	15.128584017339524
0.0	3.3364077987616203
1.0	6.799259537215173
0.0	2.0868022499463983
0.0	4.283335763004665
1.0	5.390651629226253
0.0	0.0
0.0	6.025589606235372
0.0	3.8054250749690843
0.0	7.458273269299017
0.0	4.352087555262279
1.0	16.128418253195782
1.0	1.7679567792816078
1.0	7.634018079873849
1.0	9.845344883569126
1.0	6.388939402829629
0.0	6.268031110824739
1.0	5.361126925233437
0.0	0.0
1.0	6.546282564960182
1.0	9.074595248576184
1.0	4.33439827487867
1.0	5.919165585867296
1.0	3.109101578361687
0.0	9.7567323961826
1.0	5.437406881922242
0.0	0.0
1.0	3.286325888013208
0.0	9.106620454901588
1.0	9.334414527529313
1.0	12.206860524192914
1.0	8.619091930720934
1.0	2.4364483711841856
1.0	9.530050226384233
1.0	3.5981930754782088
1.0	9.101496915930957
0.0	4.294043968413347
1.0	3.0566921773395093
0.0	4.432467219047405
1.0	10.058135728641613
0.0	6.945604235418191
0.0	4.624697825988507
0.0	0.0
0.0	3.0557707056939316
0.0	5.438662750805195
1.0	7.348222870300981
1.0	8.827585257525296
0.0	4.215033068900763
1.0	8.455349345497126
0.0	0.0
0.0	6.993104985054616
1.0	5.608024198894631
0.0	11.817680349908477
1.0	6.613698830270712
1.0	6.301189106446735
1.0	6.348811562457513
0.0	2.6730077985613034
0.0	4.436783056222876
1.0	8.14445666592607
0.0	2.2361219626183533
1.0	12.875757137397317
0.0	6.721050537739985
1.0	10.999823942379527
1.0	5.364384667456117
0.0	5.672809709609582
1.0	12.336403380851644
1.0	14.171655184192678
1.0	7.2625972323694805
1.0	10.873593914131137
1.0	6.223732513678581
1.0	2.8790785432934656
0.0	0.0
1.0	6.927446715295891
0.0	0.0
0.0	0.0
1.0	7.153809451274673
1.0	12.698600565519328
1.0	7.380265218531605
1.0	9.91641855706443
0.0	4.686215795775131
1.0	5.436687190891079
0.0	3.415638453533054
0.0	5.618973749647381
1.0	0.40923994377464135
1.0	8.942890780229241
0.0	11.294234246527733
1.0	4.819350587622651
0.0	3.916144088579655
1.0	1.5499228061195156
1.0	1.067641973429857
