1.0	17.896189257375152
0.0	0.0
0.0	0.0
1.0	5.148248563081173
1.0	14.770262776763355
0.0	0.0
0.0	5.276163790066179
1.0	14.465484615186549
1.0	17.260676084810758
1.0	22.705023599606594
1.0	35.68936511521498
1.0	16.04377886981571
1.0	20.65439203491664
1.0	26.14642573448352
1.0	10.82599269283181
1.0	33.7009947923201
1.0	21.44166494510206
1.0	21.847041589812058
0.0	5.27816380460047
1.0	6.8889706721971296
0.0	0.0
1.0	9.240405188921232
1.0	11.580513006969994
1.0	50.107363338117665
0.0	0.0
1.0	12.208878052945957
0.0	4.15341151096815
1.0	26.363268797407102
1.0	22.727294364807996
1.0	21.148967064952195
0.0	0.0
1.0	15.669949377431333
1.0	16.79201721421062
1.0	23.805876154001307
1.0	29.922753720140378
1.0	19.620892551672483
0.0	0.0
0.0	0.0
1.0	40.01714524964416
1.0	25.06782904910959
1.0	9.055476511969193
0.0	0.0
1.0	16.715587663763586
0.0	0.0
0.0	5.822418093513248
1.0	6.405639101805348
1.0	23.89691070353765
1.0	13.137748864667856
1.0	18.104119614997188
1.0	24.33352581756388
1.0	18.435911193447158
1.0	12.577134944199253
1.0	21.897974045521117
1.0	30.08900899512137
1.0	40.1381442458298
1.0	19.95679457906681
0.0	8.818786817191224
0.0	5.854107217730948
0.0	5.241284700662362
0.0	12.629654276605688
1.0	9.384542180739864
1.0	5.940029610772559
1.0	15.072014575553515
1.0	18.28133501529677
1.0	16.735699063271003
0.0	3.59260250806309
1.0	17.863268601270207
1.0	17.29073888649981
1.0	20.671450143417538
1.0	15.277860862305525
0.0	5.915779751513659
1.0	25.63833306537394
1.0	26.766171761556482
0.0	8.036835186215395
1.0	27.980541223721445
1.0	25.046119089269343
1.0	20.69201196351908
0.0	2.4750646860633285
1.0	32.30127396173003
0.0	8.11228623241354
0.0	3.6034982546169934
0.0	0.0
0.0	4.811422831504568
1.0	31.31876639866171
0.0	0.0
0.0	0.0
1.0	18.85488606223967
1.0	16.47232585167727
1.0	29.856909153165358
1.0	14.232937392828989
1.0	15.623152373815724
1.0	22.15227108836907
0.0	0.0
1.0	9.69160408809752
1.0	11.290074997169873
0.0	6.777673678229316
1.0	15.209900694064142
0.0	0.0
1.0	19.35714849809964
1.0	14.805440912424395
0.0	2.961647682750576
1.0	14.373443742697091
0.0	0.0
0.0	3.6601764955296714
0.0	0.0
0.0	3.196332673061125
0.0	10.895607038019444
1.0	23.37854185255754
0.0	3.400909630931286
1.0	10.236053733681619
0.0	0.0
1.0	18.043790694178504
1.0	17.089296805934442
1.0	13.620073049437451
1.0	27.32363661974396
1.0	21.945383179575202
0.0	6.03855640313393
1.0	34.99183398329183
1.0	17.19093296689275
1.0	17.894744400956064
1.0	25.295821238523565
0.0	1.659743904634869
0.0	5.556989887697463
1.0	37.51934414366688
0.0	3.654267734701092
0.0	0.0
1.0	11.869835105404887
1.0	29.653894745194346
0.0	3.068441470119207
0.0	9.017010023549089
1.0	27.742536232737027
1.0	14.619265726385414
1.0	21.91205736119707
0.0	6.286355473380678
0.0	7.181257174819893
1.0	18.45307945817313
1.0	8.062472831236583
0.0	1.6889779169965766
1.0	19.47017794921224
1.0	35.763350700008075
1.0	20.80767529078132
0.0	1.9823517982444476
1.0	13.73532225545711
1.0	32.12198792461887
0.0	3.8482976340111645
1.0	15.18085530953016
1.0	12.066421719735533
0.0	1.5099311818893293
1.0	14.599279819314553
1.0	29.60229279180905
0.0	8.696921121747364
1.0	33.60187173344581
1.0	30.975098501144434
0.0	0.0
1.0	8.868170743458581
1.0	26.689362804244574
1.0	39.1445054160056
1.0	17.366562563598023
1.0	11.245124168411115
0.0	1.9570819274665154
0.0	0.0
1.0	37.31298758359035
1.0	30.99509947911034
1.0	16.12022361998148
0.0	0.0
0.0	8.300459597075344
1.0	12.565387707827568
0.0	5.748881200317621
0.0	4.010979937259813
0.0	0.0
1.0	47.110983313369125
0.0	5.766359976423001
1.0	17.139005309048883
1.0	24.872259580448738
1.0	41.43762608396827
1.0	32.773390347655294
1.0	10.112588832494643
0.0	3.9957491848632474
1.0	33.4435990731671
0.0	0.0
1.0	32.968021785271205
0.0	0.0
1.0	18.359072764347676
0.0	0.0
1.0	11.732857588855163
1.0	43.15701067889579
1.0	23.182096901009956
1.0	20.262488658429394
1.0	31.956719255564572
0.0	6.298480150846051
0.0	6.46807516261902
1.0	21.72392817525319
1.0	34.05786767128033
1.0	13.562175092659766
1.0	29.17888588188189
1.0	28.70035572116868
0.0	0.0
1.0	32.125860798349244
0.0	7.712678992050786
1.0	35.94772468323504
1.0	20.81484232960523
0.0	0.0
1.0	30.318580143884628
1.0	18.17808843691575
0.0	0.0
1.0	18.47622860956526
0.0	0.0
1.0	18.43641238306888
1.0	18.273238317981033
1.0	14.128111293222391
1.0	16.427195863934024
1.0	6.194400966280417
1.0	15.376466526629313
1.0	27.198037069510427
1.0	33.36227041896222
1.0	27.57994480569345
0.0	2.0564395611738733
1.0	7.280953078528081
0.0	7.1558841117027505
0.0	0.0
0.0	1.8915557351356471
1.0	25.85628430351231
0.0	0.0
1.0	32.911437415877764
1.0	12.424486269175395
0.0	4.166249589867932
1.0	36.297696866110165
1.0	15.106401386551292
1.0	13.514035487985026
1.0	28.009727079827517
0.0	0.0
1.0	26.22433230948923
0.0	4.913010558136468
1.0	27.676287665725578
1.0	16.933476935225684
1.0	10.448651405800769
1.0	21.610018456065113
1.0	31.80211011248595
1.0	13.480887380204246
1.0	32.14380405923398
1.0	13.098826745578577
1.0	10.053140880315459
1.0	20.747343161520924
1.0	24.367419918963098
1.0	13.278521570057043
0.0	0.0
0.0	8.898195624268082
1.0	22.97393120665042
1.0	35.21770896817606
1.0	32.38921155769612
1.0	21.154053392519508
1.0	22.64375361307705
0.0	3.1274420341240403
1.0	48.19010612778652
1.0	15.59894324534577
0.0	3.492730735471759
1.0	19.380116697073756
1.0	17.729457248406646
0.0	5.729504735973821
1.0	32.90766289234071
1.0	11.51654670688062
1.0	31.209801849320716
1.0	60.53280873314767
1.0	17.851836127006806
1.0	18.13990013195614
0.0	6.81657904981888
1.0	34.44133168956404
0.0	0.0
0.0	0.929967582511555
1.0	10.967505837384193
1.0	36.01383291869132
0.0	2.733246341656279
1.0	30.29670417568969
1.0	15.549869338781008
1.0	21.00892102978409
0.0	2.1135515721585794
1.0	25.683276796472047
0.0	6.159041867737084
1.0	15.57492546556309
0.0	8.883815026847246
1.0	19.44696703857775
1.0	31.776941118607656
0.0	0.0
1.0	9.255595098575956
1.0	30.471379413094965
0.0	2.9189074431665136
1.0	40.318137438347584
1.0	17.083993397840498
0.0	8.195696763202061
1.0	12.502804742005482
1.0	17.926511842062194
0.0	8.07523366142534
1.0	29.423869395289692
1.0	29.207852397154706
1.0	18.498809388921092
0.0	1.9701622642718968
1.0	15.517479547060221
0.0	9.646625922759064
0.0	7.115886375261453
1.0	15.503684034182836
1.0	24.991309491368423
0.0	0.0
1.0	22.524720419864725
1.0	29.820063983362036
1.0	10.651635306101424
1.0	20.85928531803353
1.0	8.228089742364391
0.0	4.129769251841073
1.0	10.548849613188285
1.0	42.85639810233076
1.0	41.530502832383796
0.0	3.7485350825769292
1.0	17.03579896960165
0.0	0.0
1.0	23.912578819928378
1.0	18.706532227433613
1.0	21.78627864151775
0.0	6.375478265338819
1.0	15.146888435001369
0.0	0.0
1.0	29.9861628864992
1.0	14.427988362347895
0.0	0.0
1.0	12.59714276441483
1.0	17.202908111529993
1.0	33.02641207451593
0.0	0.0
0.0	8.668086482162222
0.0	3.593150153371655
1.0	15.92246227696612
0.0	0.0
0.0	6.089935379175509
1.0	38.98651581668796
1.0	6.13746784764107
0.0	0.0
1.0	25.843297438759567
1.0	9.858476925915168
0.0	0.0
0.0	0.0
0.0	0.0
0.0	5.8423653745417825
0.0	1.6527185362614085
1.0	13.147051932288946
0.0	3.998069073901496
0.0	5.857457688875536
1.0	17.309592349322173
1.0	20.084837532524876
1.0	29.292302319790572
1.0	22.53956698865741
0.0	5.373252248842397
0.0	6.272033516440225
0.0	7.592458092316118
0.0	9.750364738860906
1.0	33.32523006243648
0.0	6.53235451632502
0.0	2.2429453823155905
0.0	0.0
0.0	4.647611404584955
0.0	3.661112701743037
1.0	12.295721407448173
0.0	3.879233904262085
0.0	6.385985892044219
1.0	25.57980778346113
1.0	29.387139973981792
1.0	12.86636007722496
0.0	1.5467748747530783
1.0	18.434059900281515
1.0	14.50082846543403
1.0	32.94489142059825
1.0	44.51038330312624
1.0	17.89198187247053
1.0	23.237619120457058
1.0	14.071525360061417
1.0	24.534802511817475
0.0	0.0
1.0	15.452772134750878
0.0	5.879876930816256
0.0	5.887367560857575
1.0	25.738251850395493
0.0	0.0
1.0	19.98791653860253
1.0	24.146178616362473
1.0	15.592042322869434
1.0	23.339199897351783
1.0	12.536990725879473
1.0	28.457990612639836
1.0	23.04437876312583
1.0	13.74269590754405
0.0	0.0
1.0	34.935367709471876
1.0	14.826079846255428
1.0	25.991079312622418
0.0	0.0
1.0	27.27731839534851
1.0	28.451631028240183
1.0	15.46445557604547
0.0	6.703459680688392
1.0	13.163476284731201
1.0	25.1392650628755
1.0	24.70247529153355
0.0	3.6493874131612274
1.0	32.28646083153483
0.0	6.717753834470451
1.0	22.65512790889593
0.0	5.332444056111291
0.0	0.0
0.0	0.0
1.0	36.636794422801856
1.0	22.240674654582904
1.0	28.856428282181216
1.0	13.698601707263478
1.0	37.318541304031946
1.0	42.738498317509716
1.0	23.29291333056708
1.0	17.18595237388824
1.0	16.46503663444035
0.0	3.23248721597681
1.0	25.852418928527257
0.0	11.109003574964389
1.0	10.388004463679554
1.0	16.396090395952456
1.0	10.535708440396693
1.0	13.833555516333838
1.0	11.592944784662286
1.0	19.364004158970317
0.0	4.203789179382343
1.0	21.402019807747365
0.0	0.0
0.0	7.0810653770229885
0.0	6.031885759353005
0.0	7.126996085525877
0.0	0.0
1.0	18.60909650630832
0.0	2.785956303336977
1.0	9.518334532418598
1.0	11.046712887319597
1.0	12.384365949579081
1.0	18.391099806269118
0.0	6.388829138493168
1.0	34.899692225247236
1.0	23.302706406479857
1.0	15.082793264266224
1.0	12.866022944004479
1.0	16.237851830873982
0.0	0.0
1.0	25.214352823052003
1.0	26.09528529331048
0.0	11.657581930191313
0.0	16.443871662645765
1.0	15.704598135513379
1.0	12.255391061660324
0.0	3.1069861834462964
1.0	19.649816675899302
0.0	0.0
1.0	8.92965716808365
1.0	30.523642960025928
1.0	35.267362837114575
1.0	26.718500285884495
1.0	30.83472176981392
1.0	14.328526085317016
0.0	2.6706222359662544
1.0	18.21435047487292
1.0	10.47496854412099
0.0	0.0
1.0	12.995472458541915
1.0	14.48165519052299
1.0	23.057035272823462
0.0	3.283503146567063
0.0	0.0
1.0	18.608440683264256
1.0	16.151755301828555
1.0	29.531415669613793
0.0	11.318693660541754
1.0	13.641556989432233
1.0	13.542445188339189
1.0	22.126741027955873
0.0	7.120422346914697
1.0	31.708551647586912
1.0	8.213969704773957
0.0	0.0
1.0	27.177063572898106
1.0	35.028475272061954
0.0	2.6231867578781145
0.0	3.941045780874173
1.0	14.851065270129277
1.0	33.49428852914721
0.0	0.0
0.0	5.325216652041638
1.0	15.864715448835323
0.0	6.56168222906557
0.0	6.507933527976858
1.0	18.121593460239495
1.0	19.256696402409524
1.0	22.74057754619406
0.0	0.0
0.0	4.05868426785399
1.0	19.737877143149102
0.0	6.04158902191468
0.0	5.19657116103649
1.0	38.592192111282856
0.0	0.0
1.0	11.117912824433168
0.0	5.872501503686245
0.0	0.0
1.0	25.245110091099754
1.0	13.949204647209333
1.0	16.090660872761756
0.0	4.51732552944511
1.0	22.940726815588704
1.0	20.500120742512355
1.0	10.610946176697087
0.0	0.0
1.0	21.509431273261367
1.0	36.996395620608
0.0	2.629753283980069
1.0	15.802879716399243
1.0	13.715006144770964
1.0	8.842834826781843
1.0	11.030821534792526
0.0	6.946045954994284
1.0	34.885357727721775
1.0	14.916765010828609
1.0	11.5711781786966
1.0	18.198122347045572
0.0	0.0
1.0	26.02307565492483
1.0	15.435339596343676
0.0	7.234736329962954
0.0	3.6241462311660455
0.0	0.0
1.0	26.702301385235902
0.0	4.19223102638806
0.0	2.9720543022423462
1.0	33.1045265262752
0.0	0.0
0.0	0.0
1.0	19.16358565562165
1.0	14.524768675732927
0.0	9.301985423432685
0.0	11.797957133516427
0.0	7.124696738137939
1.0	11.74192743821583
1.0	30.914536416071243
1.0	10.355564798188828
0.0	4.75010163709059
1.0	38.85278084818153
1.0	12.33225497780564
1.0	12.376650786407186
0.0	3.1599659247321648
1.0	18.275120723559194
1.0	15.837101253028953
1.0	17.121328361647716
1.0	13.283485357411282
1.0	19.327931534401483
0.0	0.0
0.0	0.0
1.0	15.376035148601918
1.0	5.762982572598312
1.0	15.749078395369336
1.0	14.660458584060173
1.0	33.17991681677874
1.0	27.564133240886658
0.0	8.681105849221456
1.0	19.13149258859402
1.0	19.722773437353066
0.0	7.536220039529113
1.0	26.08875502594932
1.0	31.49755733963346
0.0	8.223877282267743
1.0	34.05606807864113
1.0	11.463779133664776
0.0	4.4215725647918775
1.0	11.154553477952444
1.0	10.780625217022086
1.0	12.92452790194313
1.0	34.47439037497063
1.0	36.89973431006876
1.0	10.749891769033535
0.0	5.6828601815465865
1.0	32.18268922523673
0.0	6.002898450510674
0.0	0.0
1.0	18.91101653409201
0.0	4.806717854580471
1.0	13.56734394914939
1.0	20.978338829519352
1.0	13.11089440171186
1.0	25.47906894921306
0.0	3.0960385217219013
1.0	15.585055989020749
1.0	23.9774292125841
1.0	26.26767644030325
1.0	9.183833020711415
1.0	21.29924605085388
1.0	34.54679966740162
1.0	55.00353346723713
1.0	25.22060530799164
1.0	13.719018676368874
0.0	7.26105922060214
0.0	0.0
1.0	36.95397112777142
1.0	16.12611403777215
1.0	26.44945073568007
0.0	3.2886231292032737
0.0	1.656945975058997
0.0	6.328503898773881
0.0	7.601436063131467
1.0	13.198237111729197
0.0	6.427392613912001
0.0	5.859815151947367
1.0	13.504175162598454
0.0	2.8885757965840497
0.0	11.409177719422159
0.0	3.5201041671465796
1.0	12.492874763401094
0.0	0.0
1.0	17.59846091987466
1.0	29.027932617941698
1.0	24.078117517782097
1.0	13.569998732764587
1.0	16.831030148084217
1.0	4.973900416575647
0.0	6.478789919515348
0.0	5.236768497239328
1.0	30.26498783865839
1.0	29.547867057434807
1.0	19.33656021358695
0.0	5.031062967561875
1.0	17.253943665881955
1.0	37.920913575638856
0.0	0.0
1.0	21.150146658143456
1.0	15.820008374205692
0.0	5.224092356605444
1.0	31.548500838933418
0.0	0.0
1.0	18.842207916766863
1.0	27.244038066580483
0.0	0.0
1.0	27.34741892344256
1.0	17.544915881218266
0.0	5.55429239839439
1.0	17.11179454383823
1.0	24.893412002844084
1.0	10.550479303718665
1.0	34.959206012438074
1.0	22.079989729133924
1.0	17.471921885670078
0.0	3.514128043199588
0.0	0.0
0.0	6.967672487143199
1.0	18.521544375093168
0.0	0.0
1.0	15.34614773883942
1.0	16.493152478492085
1.0	16.505411438880195
0.0	5.1900686417055235
0.0	0.0
1.0	19.54795129536896
0.0	3.6504319581894307
1.0	24.113085025341633
0.0	5.024175149399725
1.0	13.636408951960112
1.0	14.514943570926507
1.0	21.606238047035458
1.0	19.71972020114056
0.0	5.7419690945186925
0.0	5.475691392718081
1.0	12.375194362558467
1.0	16.171846584811867
1.0	32.44391348622004
1.0	30.072291270600793
0.0	4.956763142735149
0.0	8.884043357664073
0.0	0.0
0.0	0.0
1.0	21.869066991704607
0.0	4.891169939751975
0.0	4.800228277905107
1.0	27.556922179038665
1.0	19.489278404517275
0.0	7.570090568309356
1.0	14.636466858588435
0.0	0.0
1.0	16.04318146972321
0.0	5.985806267297638
1.0	23.915278178176568
1.0	20.046625627751737
0.0	6.446145550380462
1.0	15.627378643522523
1.0	24.833585297233476
1.0	18.048582396482594
0.0	5.844122449323766
0.0	0.0
0.0	0.0
0.0	0.0
1.0	14.37351959507027
0.0	0.0
1.0	19.389643411221197
0.0	3.8208908119060925
1.0	8.870137698394547
1.0	11.573665997373007
0.0	9.160030316345576
1.0	25.199894262439255
0.0	0.0
0.0	0.0
1.0	37.37851661151919
0.0	0.0
1.0	12.704861938770598
1.0	14.923242690978572
1.0	35.51195911317448
1.0	15.596704651804714
0.0	5.2473872616467
1.0	31.4744659370061
1.0	32.97930159299188
0.0	0.0
0.0	5.950761171728895
1.0	20.45964669587519
1.0	21.712017038663472
0.0	3.703219191913918
1.0	18.433643656926588
1.0	22.633746296264274
1.0	23.947823283406766
1.0	16.642238123887026
1.0	23.617011099047705
1.0	18.518410114759128
1.0	13.01317391314436
0.0	5.080042582676243
0.0	8.228753767659509
0.0	0.0
1.0	22.20606502769951
0.0	5.78771596924167
0.0	6.8740389941998705
1.0	17.433045357058866
0.0	2.865192946809951
0.0	4.472374846957841
0.0	2.915003053059343
1.0	18.900709103588156
0.0	10.311161757971039
0.0	0.0
1.0	12.841583738192291
1.0	12.835667279765408
0.0	7.100021318623643
1.0	13.304590996702863
1.0	24.486930447783557
0.0	0.0
1.0	26.922856303437474
1.0	21.525026848004376
1.0	27.837397385222822
1.0	13.247834550448026
1.0	13.61565616551134
0.0	0.0
1.0	22.94160644538048
1.0	32.74852355855823
1.0	15.225495536224223
0.0	0.0
1.0	12.731130052500722
1.0	32.967434996140895
1.0	19.09732331219626
0.0	0.0
1.0	11.595044263648736
0.0	0.0
1.0	7.756463627691529
0.0	8.20165231865216
1.0	14.203931694972239
1.0	19.900258019528838
0.0	0.0
0.0	4.665432138174167
0.0	2.6694217380364833
1.0	12.40659405156231
0.0	0.0
0.0	3.7772146243063496
0.0	4.906094053761693
1.0	15.135470781335364
1.0	38.05045302890189
0.0	0.0
1.0	22.727585360705095
1.0	26.81260892321075
0.0	0.0
0.0	0.0
1.0	18.03609633811021
1.0	31.463722669630844
1.0	28.51816179189055
0.0	3.3084996569780807
1.0	20.17657873726353
1.0	11.079874362284409
0.0	3.46598826480007
0.0	0.0
0.0	0.0
1.0	11.917258655107467
0.0	5.549875820543575
1.0	11.119834046570908
0.0	7.115541301826897
0.0	0.0
0.0	5.358441050472771
1.0	30.72312416364737
0.0	5.888056801578855
0.0	7.438770776891012
1.0	18.394601217187
1.0	14.623415418384795
0.0	0.0
1.0	18.140354089094917
1.0	25.622390269825836
0.0	8.2445614806321
1.0	16.206442320670956
1.0	18.332111268704153
1.0	13.89481048540635
0.0	4.362863604288068
1.0	33.568223644783565
1.0	16.649765671832053
0.0	2.03430934428725
0.0	0.0
0.0	10.383100082985033
1.0	40.38451658161317
1.0	8.12772754790199
1.0	12.454729626775778
1.0	28.290215877565508
1.0	17.795960542466148
1.0	14.070274090340838
1.0	34.886368016712545
1.0	34.71643143684074
1.0	17.927497476434336
1.0	45.612743428296454
1.0	30.624260249717025
1.0	15.607681423495587
0.0	0.0
1.0	16.991583670943754
1.0	21.563519253773254
1.0	36.06404269050944
0.0	2.8910399910301456
1.0	22.051939336738425
0.0	0.0
0.0	3.1324350927603577
0.0	3.374408169424928
1.0	13.641974114865683
1.0	15.860648036688628
1.0	15.529846262554969
0.0	0.0
0.0	5.207845538231402
0.0	0.0
1.0	14.722734210075442
1.0	6.385819842237325
1.0	29.319644073442316
1.0	28.395110492219267
0.0	3.872787743965862
1.0	15.66442855440113
0.0	0.0
1.0	6.793003535937483
1.0	21.999576396642624
0.0	4.300357724487859
0.0	6.501048585570524
1.0	17.990652475832583
1.0	13.476615912827098
0.0	2.374640168596238
1.0	5.783679698536267
1.0	20.282555525975805
1.0	28.70197722684575
0.0	4.114531563197529
1.0	12.98364779487064
1.0	29.993939667662037
1.0	12.901060744982608
1.0	18.422257399557502
1.0	9.82751317710182
1.0	25.128128074168636
0.0	0.0
0.0	0.0
0.0	0.0
0.0	9.15209220935024
0.0	4.346383261767175
1.0	16.580328865836208
0.0	0.0
1.0	18.918164286158394
1.0	17.80672575372604
1.0	16.670739147019095
0.0	0.0
1.0	14.191105586022477
0.0	3.267016996763688
1.0	11.852482232125261
1.0	25.258745854818343
0.0	0.0
1.0	14.261093326151563
0.0	0.0
1.0	15.548555392743598
0.0	5.8884993850186005
1.0	37.00852688407723
1.0	38.677027763888184
1.0	31.694664896871835
0.0	4.323321746918118
0.0	4.607190851236842
1.0	31.12091113617652
0.0	12.674817210722344
1.0	19.956829584799188
0.0	2.803528829640087
0.0	11.244623825279787
0.0	2.691555363902949
1.0	46.06166302153003
1.0	41.815300386786284
1.0	20.627824513731465
0.0	3.5479835396755424
0.0	0.0
1.0	17.85194058818955
0.0	4.278406919427388
0.0	0.0
1.0	19.189175814904463
0.0	5.6679427836328236
0.0	0.0
1.0	38.26579906049395
1.0	11.710385444563663
0.0	6.030028024425621
0.0	0.0
1.0	39.80723435985164
1.0	15.4096399021527
1.0	31.185027201316522
0.0	0.0
1.0	30.997230673919614
0.0	0.0
0.0	2.937811173974148
0.0	0.0
0.0	6.032599543745471
1.0	14.708327885455986
1.0	17.56661770562816
1.0	15.262409926567686
1.0	17.111124769564718
0.0	0.0
1.0	15.922408043612258
1.0	24.193354046638603
0.0	0.0
1.0	17.376876901072656
0.0	0.0
1.0	30.87436146567342
1.0	21.49982632637339
1.0	33.357024041249545
1.0	24.276394213104318
1.0	27.767524793926988
1.0	20.1630598260034
0.0	6.401782241778488
0.0	7.580339472586332
1.0	11.322195304339484
1.0	39.12513344941426
1.0	16.991431272846167
1.0	14.092878108057299
1.0	18.114231901459707
0.0	6.2181504551168265
1.0	16.371444702744796
0.0	0.0
1.0	18.435829657510244
0.0	0.0
0.0	4.590644312338431
0.0	0.0
0.0	0.0
1.0	14.27171226090017
1.0	21.971791071210486
0.0	4.852908806666506
1.0	23.936483003857862
1.0	23.49472890416212
1.0	11.337338465361723
0.0	0.0
0.0	5.8677031424484
1.0	33.078196991469056
0.0	6.0654646875525176
1.0	19.410167754546173
1.0	32.12680033792308
1.0	21.908858807830278
1.0	14.053776940045045
0.0	0.0
1.0	11.478874359394064
1.0	29.775949675911743
1.0	10.745781530923985
0.0	3.763322500935279
0.0	5.756173836804895
0.0	5.481768828698129
1.0	30.444223585262137
1.0	30.73166668945148
1.0	22.660030650470183
0.0	8.293996580217673
1.0	40.92621583711373
1.0	20.197398589835707
0.0	0.0
0.0	3.054974477601957
0.0	3.858213504750556
0.0	5.5541574458155925
1.0	18.406055412182845
1.0	27.62453814790693
1.0	19.50099556896827
1.0	32.192140735638894
1.0	15.493533821788297
1.0	36.660975878015634
0.0	8.215430705844904
1.0	15.258146646035522
1.0	13.978198938227102
1.0	14.618217689764409
0.0	5.06841385184758
1.0	9.916278725348056
1.0	12.016404507330268
1.0	21.706406599430398
0.0	0.0
1.0	21.107506495777933
0.0	0.0
1.0	18.10116389389822
1.0	36.41030211815334
1.0	21.83881209414953
1.0	25.112139842801792
1.0	22.121325121532248
0.0	0.0
1.0	24.68165440330103
0.0	0.0
0.0	0.0
1.0	12.581484335571401
1.0	12.941802227904873
1.0	18.39899752446718
0.0	0.0
1.0	25.234011512474133
1.0	14.893170752987086
0.0	0.0
1.0	32.582992252604285
0.0	3.603625439789473
1.0	22.579405600724982
0.0	0.0
1.0	28.116254309552932
1.0	16.412051565959
0.0	9.907279425207566
1.0	42.078258655197025
1.0	26.385726405810043
1.0	13.796714404292082
1.0	14.829143258253604
0.0	6.277841349487315
0.0	5.81665453348686
1.0	24.243712806390057
1.0	28.4556908854916
0.0	0.0
1.0	13.384012508378193
0.0	7.86080202210015
0.0	0.0
1.0	13.564410903885088
0.0	0.0
1.0	33.38354818327872
1.0	18.470057071070382
0.0	9.620833901016663
1.0	10.977114562285914
1.0	11.697618061355538
1.0	19.740158074260552
0.0	4.497265050580453
1.0	11.646810921494206
1.0	24.743652892833428
1.0	32.67681201685064
0.0	7.059806361255988
1.0	18.270760032093072
0.0	10.304537902229523
1.0	38.15690548276908
0.0	6.429827842708945
1.0	19.253641396447573
0.0	0.0
1.0	38.26807255222946
0.0	6.047176240080257
1.0	18.823238379613073
1.0	12.637099820703687
0.0	14.568336466926873
1.0	14.830324384465698
1.0	15.679485556595129
1.0	27.467570444063746
0.0	7.124055381333522
0.0	6.896741585945373
1.0	14.7636476178745
1.0	22.40262374053661
1.0	10.729322500517839
1.0	15.018179299743643
1.0	13.872729645944627
1.0	11.744550940977934
1.0	15.198278795226127
1.0	39.06705293561489
0.0	0.0
1.0	24.420138307918002
0.0	0.0
1.0	38.2212917150237
1.0	39.92820651020005
1.0	11.442990752745287
1.0	14.98408624049179
1.0	21.569998083078627
0.0	8.378222838598122
0.0	0.0
0.0	2.9123050234590147
1.0	15.078226374639133
1.0	18.467136542082667
0.0	5.7002221670863875
1.0	19.355502762946607
1.0	17.367377035465022
0.0	0.0
0.0	8.154901386455867
1.0	22.32237655258417
0.0	0.0
0.0	3.7941941563101507
1.0	18.94776854992295
0.0	7.061450514405547
1.0	6.317196836043648
1.0	18.125631039046525
0.0	4.8999542095674595
1.0	37.23413630323194
1.0	27.882179738778728
1.0	22.146456347510995
1.0	22.573777658711702
0.0	0.0
1.0	9.39891557955581
0.0	8.530793088128817
0.0	7.543881627274924
1.0	27.19344486844926
1.0	30.085072606561685
1.0	34.30539591106569
1.0	16.447366955321478
1.0	24.988897273091272
0.0	0.0
0.0	6.162598393050991
0.0	4.178608545874909
0.0	0.0
1.0	21.42450336532395
1.0	17.75226261669743
1.0	18.19722252002575
0.0	7.986066111356317
0.0	9.256500263268109
1.0	10.89443324255606
1.0	15.02085896408537
1.0	13.637578212774606
1.0	16.263592414672985
0.0	0.0
0.0	0.0
0.0	0.0
1.0	46.152507559909886
0.0	0.0
1.0	12.680810152997216
0.0	0.0
1.0	7.367687206218372
0.0	0.0
0.0	4.081523145907354
1.0	22.179575266671886
1.0	21.400045658483876
0.0	9.391009300068657
1.0	36.355668493857245
0.0	5.332310231168024
1.0	16.5951095407701
1.0	9.300255743019056
0.0	5.15029519075043
1.0	14.315879843053821
0.0	5.830260655756394
1.0	17.945238563725834
1.0	29.438787686924286
1.0	16.03482213060577
1.0	19.442473867751787
1.0	34.64726666611503
1.0	10.763922786375984
0.0	0.0
1.0	28.57093154156713
1.0	19.730462895369115
0.0	3.9780152452202246
1.0	32.85919841215857
0.0	0.0
1.0	21.84850434020619
0.0	7.88706590650683
0.0	2.844775365093521
1.0	18.100977019582785
1.0	9.553158516813033
0.0	6.880100684545867
1.0	39.22680519515432
1.0	27.699328444428616
1.0	11.073490971574062
1.0	37.68595883546901
1.0	33.15878286401387
1.0	33.754534875190735
1.0	16.816774059420958
1.0	17.565770866607902
0.0	0.0
1.0	29.011292126807607
1.0	15.788088487934012
1.0	10.419163620752666
0.0	4.622679112842147
0.0	0.0
0.0	5.192530094847379
0.0	2.376435743885038
1.0	23.099654421107374
0.0	6.248862408042034
0.0	0.0
1.0	14.262375888951016
1.0	22.12810441755063
1.0	29.856457004262275
0.0	0.0
0.0	0.0
1.0	15.37701291849101
0.0	1.4866735878817272
1.0	31.0604917530517
1.0	27.625491825989084
0.0	5.693968399775705
1.0	17.756715399484957
0.0	0.0
1.0	28.596527152132815
1.0	13.792358189039058
0.0	8.130293509449965
1.0	7.11061905306026
1.0	16.993759241042383
0.0	5.341176628902435
0.0	5.0338350963654985
1.0	19.585235766014648
1.0	13.829505760029232
1.0	40.08402377183355
1.0	12.576571909302338
1.0	32.34065352055209
0.0	4.706403648291056
1.0	29.98351711314422
1.0	24.75534375194593
1.0	16.64590268443417
1.0	13.88710680157794
0.0	0.0
1.0	33.49013762277228
1.0	19.14760331941379
1.0	27.725243858642134
1.0	13.263557896173197
0.0	1.682934986724124
1.0	13.026569822295365
0.0	5.040333927414395
1.0	17.322354137530066
1.0	14.57030606516094
1.0	22.389381706172372
0.0	3.2532668255116115
1.0	10.700775482617967
1.0	15.403218652624968
1.0	33.515190605496905
1.0	17.293948103057968
0.0	5.809764553150835
1.0	26.107688483864994
1.0	16.7352263292982
0.0	3.820491602893598
1.0	16.602496787568235
0.0	0.0
1.0	19.31208015913347
1.0	32.699014219133254
0.0	9.66762285895101
1.0	9.816906735213196
1.0	32.53466910524162
1.0	17.077556219328372
1.0	14.625527565347229
0.0	4.716253360657877
0.0	3.9862694485662464
1.0	20.214982040152975
1.0	31.854116902182426
0.0	9.381545987006017
1.0	27.01583504626869
0.0	0.0
0.0	0.0
1.0	30.220049849910666
0.0	2.621405827657441
1.0	18.08908402462947
1.0	22.565611534622253
1.0	19.54113424703028
0.0	7.162393722476573
0.0	1.8765860583104181
0.0	1.875803805919029
1.0	17.59532281707287
0.0	0.0
0.0	2.4328050400268357
1.0	12.718993576078105
0.0	2.8178844072916833
1.0	16.57210678895476
0.0	0.0
1.0	18.842609238245142
0.0	0.0
0.0	4.96902600869537
1.0	34.180068060426784
0.0	0.0
0.0	0.0
0.0	0.0
0.0	5.380690991320429
1.0	16.16738976891794
1.0	17.595428892607032
1.0	26.45738136861586
0.0	7.274005503400465
1.0	32.10872891111883
0.0	0.0
0.0	8.761927928028625
1.0	24.711201286411043
0.0	7.870423802287056
0.0	0.0
1.0	21.613586818835632
1.0	35.43317406181136
1.0	23.284436969050752
1.0	23.618240606414165
1.0	31.908029612283915
0.0	3.0599345935525473
0.0	7.501216851736864
1.0	17.124108241729665
0.0	1.7354487234447378
1.0	19.040207212889502
1.0	26.634294899003578
0.0	8.592167317171743
0.0	5.436392339919081
1.0	31.09227341508827
0.0	0.0
1.0	16.810055083130894
1.0	39.42363850576134
1.0	18.67000550375206
0.0	0.0
1.0	41.94132770606019
1.0	34.81555065630995
0.0	3.1835702264090324
1.0	15.32097707920778
1.0	31.802192794078866
0.0	3.256463730123435
1.0	5.991916950756316
1.0	30.79438054629684
0.0	4.175977392085574
0.0	10.688338471793367
1.0	21.12812137058938
1.0	34.09448892908791
1.0	13.031336617958946
1.0	20.535042902923983
1.0	19.40297016207168
1.0	20.22879799034773
1.0	33.11801408234518
1.0	18.870687477247312
0.0	6.818317011679768
1.0	12.99186830946256
1.0	19.79959966429058
1.0	10.042258774592666
0.0	0.0
1.0	25.787364325466516
1.0	25.4171295642637
1.0	27.923004195065953
0.0	4.511835364849037
1.0	19.862335422581843
0.0	3.344285252110214
1.0	33.77125006249481
0.0	0.0
1.0	7.326126190582622
1.0	23.135028042696796
0.0	11.2003593481258
0.0	0.0
1.0	13.94973777551145
1.0	18.817449126582254
0.0	8.44348471949603
1.0	9.359584677817194
0.0	1.7398301956859992
1.0	4.580051262986625
0.0	0.0
0.0	7.235234499252182
1.0	26.186082639012945
1.0	10.883153587317647
1.0	24.703100333170497
1.0	36.01291189273622
0.0	10.67242378352079
1.0	16.66239680132577
1.0	22.00174893720572
1.0	18.056670597591886
0.0	9.074188085258898
1.0	16.581961500553067
0.0	0.0
1.0	20.86146762372935
1.0	25.622672244272024
0.0	4.991976954469361
1.0	19.443173854849036
1.0	12.454956017778702
0.0	0.0
1.0	23.767251754929234
0.0	0.0
0.0	3.389297634433254
1.0	16.493470996679935
1.0	28.79559060849256
0.0	6.95743373582194
0.0	0.0
1.0	9.62060183322608
0.0	5.027459090404973
1.0	30.01917186880232
1.0	19.573239774949243
1.0	26.08484406432759
0.0	4.318798987414051
0.0	0.0
0.0	8.9641251519042
1.0	24.97283609821009
0.0	0.0
0.0	5.113586991746208
1.0	18.64460233440097
1.0	27.37247047979157
1.0	10.685327229619709
1.0	13.491299854329425
1.0	26.110429637075047
1.0	11.986998572993087
1.0	21.661623491529262
0.0	0.0
0.0	3.406545519279906
0.0	5.166222649392925
1.0	20.690876202781627
1.0	17.84522085697218
0.0	0.0
0.0	10.830984539571485
1.0	13.009449474750257
1.0	30.042547843510246
1.0	41.57405841141996
1.0	33.05070221265261
0.0	0.0
0.0	0.0
1.0	15.788183496331412
1.0	31.253685450490288
0.0	9.015265890198204
0.0	0.0
0.0	7.00659084216583
1.0	33.06367628329608
1.0	23.368839239520725
0.0	0.0
1.0	17.029408004005006
0.0	7.304362985642781
0.0	6.321865352610912
0.0	8.455776346978377
1.0	15.192545171820383
0.0	0.0
1.0	26.94346927248862
1.0	19.644331214452276
1.0	19.041558013480834
0.0	6.969279330571279
1.0	10.987247073165387
1.0	33.90095922097313
1.0	13.018248861875525
1.0	23.61249750739635
0.0	0.0
1.0	24.20498285073081
0.0	0.0
1.0	29.877242462358385
0.0	7.423613046651129
1.0	8.109000840594083
1.0	28.106497971800923
1.0	18.618307092268363
0.0	0.0
1.0	15.135964865582825
1.0	27.06643516761383
0.0	0.0
1.0	9.268265235966725
1.0	16.6470293393877
1.0	11.289976906991566
1.0	19.160113086088952
1.0	12.243616693212978
0.0	0.0
1.0	17.97256347372733
0.0	0.0
1.0	21.174920528814628
1.0	33.466085429367574
1.0	21.19143874528588
0.0	10.19665285100444
0.0	0.0
0.0	7.699840653356953
1.0	19.254379032487495
0.0	5.224638365665777
1.0	12.744191385826237
0.0	3.5060343474923736
1.0	11.43763005869553
1.0	31.44418512853566
0.0	0.0
1.0	25.804890124001627
0.0	0.0
1.0	24.632444236496646
0.0	0.0
1.0	38.655929543641065
0.0	4.191714908588777
0.0	0.0
0.0	9.655283926722019
1.0	17.322659968205013
0.0	5.648943896543577
1.0	32.52402310670014
0.0	7.47900069735987
0.0	4.645262148297156
1.0	15.276570998625532
0.0	0.0
1.0	16.349466504258647
1.0	18.135538388680246
1.0	28.197961089059454
1.0	17.920083515330802
1.0	22.133920031987532
1.0	21.459001115204213
1.0	14.863691792799253
1.0	36.11383402132503
1.0	26.088502220312886
1.0	26.83780078220207
0.0	0.0
0.0	7.537727188902317
0.0	15.55944709247693
0.0	0.0
1.0	24.511753003320486
0.0	7.414958789816399
1.0	28.67725228306649
0.0	0.0
0.0	0.0
1.0	17.31895104218866
0.0	4.926333695995476
1.0	32.0115870728494
1.0	31.73042869372999
1.0	15.883396837316905
0.0	0.0
1.0	14.217391603672027
1.0	37.10471436975557
0.0	0.0
0.0	0.0
1.0	41.95369234563543
1.0	19.25322396702858
1.0	11.487664093670565
0.0	2.151015711222609
1.0	19.332940357397796
1.0	23.871484549944753
0.0	0.0
1.0	15.445758183601404
1.0	17.087103527868212
1.0	38.09540512063241
0.0	0.0
0.0	4.8924971141324205
1.0	13.424559886225556
1.0	27.64283768946527
0.0	0.0
1.0	19.496730776522213
0.0	3.584594397481096
1.0	19.420025360981878
1.0	18.82772656659857
1.0	31.705679112646916
1.0	13.657831057369236
1.0	23.61551676772407
1.0	11.303563214608872
1.0	30.400787886638494
0.0	0.0
0.0	0.0
1.0	11.30041026487746
1.0	31.994625921444406
0.0	0.0
1.0	13.98793827524344
1.0	33.3235209250747
1.0	16.343342954964793
1.0	35.5456474714112
1.0	31.969039025592963
1.0	25.833640701993854
1.0	28.330200703137177
1.0	18.416964387538016
1.0	7.707448095247327
0.0	4.547001088320798
0.0	6.517572064446058
1.0	17.039697373769044
0.0	3.9410843214920566
1.0	15.461680656461294
1.0	17.162535569696352
0.0	13.340749045413602
1.0	36.5986583731278
0.0	1.901779974111335
1.0	25.49928106392609
0.0	9.76146669657928
1.0	21.471763104082797
1.0	15.812628333541907
1.0	15.699717945305377
1.0	9.06691624259539
1.0	12.123190485491842
1.0	30.400147305499285
1.0	31.25280077643936
1.0	22.9193225293796
1.0	18.071665488990572
1.0	36.352873115376255
1.0	26.468472703153335
0.0	3.289725328979894
1.0	16.392920699881532
1.0	16.873886936889583
1.0	13.041855191455204
0.0	0.0
0.0	5.075902156213652
1.0	16.03336186997712
0.0	5.695739324388481
1.0	30.36630252472575
1.0	14.63519898985257
1.0	17.2076325607615
1.0	14.815937164689371
1.0	20.908083426493654
1.0	17.027019441297714
1.0	16.911896063791524
1.0	69.88745920707701
1.0	13.98681834909531
1.0	27.553292189047415
1.0	14.840752718189727
0.0	6.784856327188258
0.0	12.04108492358491
1.0	18.5595783275899
1.0	25.17851747101337
1.0	15.43766277414095
1.0	11.2853294300389
1.0	11.491491942367396
1.0	37.96778217738273
1.0	13.517326005023868
1.0	22.046906287558894
0.0	0.0
1.0	20.40244247776321
0.0	0.0
1.0	28.408357131072155
0.0	4.766035590796446
1.0	27.501283343518242
1.0	27.61798724043615
1.0	32.21580346135256
1.0	25.11399447097531
1.0	18.938240135128243
1.0	25.11931103710781
1.0	11.4752083461238
1.0	20.91931246363936
1.0	29.95336248197247
1.0	39.811171241313026
1.0	32.71451710755937
1.0	16.62117981128433
0.0	8.235259380468886
1.0	23.48554865720622
0.0	3.9249585173784856
1.0	12.684296774491388
1.0	17.973049127694736
1.0	28.098860564650625
1.0	24.526608865924008
1.0	21.12257265051675
1.0	23.585217449705702
1.0	25.063728445616544
1.0	18.080422391125417
1.0	13.956158786042412
0.0	5.113794239510026
1.0	22.80671432415023
0.0	5.391267630877286
0.0	3.748984035783022
0.0	5.911782731863088
1.0	18.247215392813473
1.0	11.24554515969476
0.0	0.0
0.0	7.791546348556197
1.0	14.979046292187526
0.0	0.0
1.0	24.236144899784428
0.0	0.0
1.0	16.866214657344848
1.0	34.33119914722054
0.0	0.0
0.0	6.371324472695666
0.0	0.0
1.0	10.425481037446605
1.0	12.647164975238736
1.0	19.761469199743935
1.0	20.369368411668713
1.0	16.528048568018473
1.0	7.947782810646668
1.0	20.583782197739026
1.0	35.3987355847854
1.0	20.66096301648346
1.0	31.80060170135089
1.0	28.00593570937106
1.0	18.329782495716294
1.0	31.696776391841176
1.0	26.244678970162177
0.0	9.520825217331177
0.0	3.797889969467856
1.0	15.035645732198432
1.0	22.25648465287029
1.0	31.17164512760863
1.0	28.93805714811474
1.0	9.97924911044182
1.0	26.852549867477325
1.0	15.186001450965405
1.0	25.84656057361052
0.0	0.0
1.0	32.23595724805435
1.0	15.833761991253766
1.0	28.126372626583972
0.0	8.877151667065869
0.0	7.238456512383814
1.0	13.418680130393247
1.0	12.427647688109726
1.0	29.75436458750709
1.0	12.133516042471467
1.0	41.88028132305993
0.0	0.0
1.0	17.204617494026195
1.0	12.51045663301528
1.0	23.603305949413517
0.0	1.8395269857480712
1.0	28.819524951886514
0.0	0.0
0.0	7.753191521418433
1.0	17.747236524459744
1.0	43.59904290991217
1.0	11.984683519036802
1.0	35.25303006800812
0.0	0.0
1.0	12.982371406477895
0.0	0.0
0.0	4.405687933189046
1.0	18.35579551519937
1.0	46.12267807094582
1.0	20.42274988637615
1.0	21.889810602601546
1.0	15.049179311887462
0.0	0.0
1.0	26.148629501310392
1.0	21.625266255621153
0.0	0.0
0.0	0.0
0.0	0.0
0.0	0.0
0.0	0.0
1.0	32.67151241472379
1.0	15.554199016691282
1.0	12.843837270680787
0.0	1.825742748730179
1.0	17.229119433378713
1.0	14.016458291519509
1.0	26.1105139363918
0.0	3.65021749946041
1.0	12.384027433509297
1.0	30.671015627023735
1.0	18.005491059483766
0.0	0.0
1.0	16.08364835304298
0.0	4.136533062558161
1.0	19.7213638631204
1.0	29.01485295522611
1.0	29.731668056425953
1.0	8.205918420307285
0.0	6.820174333795005
1.0	11.402027056659106
1.0	6.8556568675490634
1.0	17.211599203886834
0.0	4.087480964653721
0.0	0.0
1.0	26.061307642146552
0.0	0.0
1.0	22.253693052748083
1.0	31.70903102217673
1.0	18.18784539608586
1.0	15.691500343326073
1.0	27.53018370689648
1.0	13.745988471114654
1.0	14.90474594574735
1.0	31.82414616444033
1.0	23.00125718553356
0.0	12.426856570158318
1.0	27.436466847575332
0.0	5.54326859764616
0.0	0.0
1.0	15.024581839165377
0.0	0.0
1.0	26.967535580550457
1.0	13.61482867702262
0.0	0.0
1.0	10.158348789319604
1.0	34.687675437785984
1.0	13.131700013649919
0.0	0.0
0.0	5.2539830144024355
0.0	7.808023945934648
0.0	0.0
